0.0 0.3 9.31095999
0.0 0.3125 5.542788590000001
0.0 0.325 2.904895289999999
0.0 0.3375 1.2197266499999984
0.0 0.35 0.32198556000000167
0.0 0.3625 0.05863120000000066
0.0 0.375 0.2888790599999993
0.0 0.3875 0.8842009399999995
0.0 0.4 1.728324960000002
0.0 0.4125 2.7172355300000035
0.0 0.425 3.75917338
0.0 0.4375 4.7746355399999985
0.0 0.45 5.696375350000004
0.0 0.4625 6.469402469999999
0.0 0.475 7.050982840000003
0.0 0.4875 7.410638739999996
0.0 0.5 7.530148740000001
0.0 0.5125 7.403547720000006
0.0 0.525 7.037126880000002
0.0 0.5375 6.449433689999999
0.0 0.55 5.671271990000001
0.0 0.5625 4.745701860000004
0.0 0.575 3.7280397500000007
0.0 0.5875 2.6858583699999983
0.0 0.6 1.6989867699999976
0.0 0.6125 0.8595102900000029
0.0 0.625 0.27177058000000187
0.0 0.6375 0.05236560000000168
0.0 0.65 0.3301496300000011
0.0 0.6625 1.2462332400000022
0.0 0.675 2.953983319999999
0.0 0.6875 5.6190230600000035
0.0 0.7 9.419231960000005
0.0 0.7125 14.544745820000003
0.0 0.725 21.19795678

0.0025 0.3 9.50419264
0.0025 0.3125 5.677297029999998
0.0025 0.325 2.9895169300000006
0.0025 0.3375 1.2636130699999981
0.0025 0.35 0.33444251000000236
0.0025 0.3625 0.04896117999999916
0.0025 0.375 0.26622617000000304
0.0025 0.3875 0.8573980999999975
0.0025 0.4 1.705743179999999
0.0025 0.4125 2.706635410000004
0.0025 0.425 3.7675585699999985
0.0025 0.4375 4.80810829
0.0025 0.45 5.759993999999999
0.0025 0.4625 6.56704096
0.0025 0.475 7.185192189999995
0.0025 0.4875 7.58251052
0.0025 0.5 7.73918055
0.0025 0.5125 7.647510780000005
0.0025 0.525 7.3119356400000015
0.0025 0.5375 6.749017700000003
0.0025 0.55 5.987449910000002
0.0025 0.5625 5.06805791
0.0025 0.575 4.043802499999998
0.0025 0.5875 2.9797822000000025
0.0025 0.6 1.9532359600000007
0.0025 0.6125 1.0535460999999984
0.0025 0.625 0.3822413700000027
0.0025 0.6375 0.053000359999998636
0.0025 0.65 0.1916550999999984
0.0025 0.6625 0.9361950600000029
0.0025 0.675 2.4367715200000006
0.0025 0.6875 4.855702399999998
0.0025 0.7 8.367477719999997
0.0025 0.7125 13.15876566
0.0025 0.725 19.428419489999996

0.005 0.3 9.773746169999995
0.005 0.3125 5.876623690000002
0.005 0.325 3.1262085999999982
0.005 0.3375 1.3457853600000007
0.005 0.35 0.37058580000000063
0.005 0.3625 0.047792559999997763
0.005 0.375 0.23654249999999877
0.005 0.3875 0.8079298000000037
0.005 0.4 1.6450090499999988
0.005 0.4125 2.6427982000000014
0.005 0.425 3.7082814199999987
0.005 0.4375 4.76041197
0.005 0.45 5.730114960000002
0.005 0.4625 6.56029015
0.005 0.475 7.2058147099999985
0.005 0.4875 7.633546039999999
0.005 0.5 7.82232458
0.005 0.5125 7.762976710000004
0.005 0.525 7.45831767
0.005 0.5375 6.923154600000004
0.005 0.55 6.184289679999999
0.005 0.5625 5.280523410000001
0.005 0.575 4.2626580200000035
0.005 0.5875 3.19350103
0.005 0.6 2.1478691300000037
0.005 0.6125 1.2125921900000023
0.005 0.625 0.48651762000000076
0.005 0.6375 0.08051507000000413
0.005 0.65 0.11748150999999751
0.005 0.6625 0.7323467800000003
0.005 0.675 2.0720797399999995
0.005 0.6875 4.295695020000004
0.005 0.7 7.574260570000007
0.005 0.7125 12.09090621
0.005 0.725 18.04083326

0.0075 0.3 10.060796910000008
0.0075 0.3125 6.091158110000002
0.0075 0.325 3.275549990000002
0.0075 0.3375 1.4378218000000018
0.0075 0.35 0.41362414000000314
0.0075 0.3625 0.05041315999999796
0.0075 0.375 0.20745466000000334
0.0075 0.3875 0.7558278999999999
0.0075 0.4 1.578429319999998
0.0075 0.4125 2.5699761300000006
0.0075 0.425 3.637009820000003
0.0075 0.4375 4.697899579999998
0.0075 0.45 5.682845700000001
0.0075 0.4625 6.533882949999999
0.0075 0.475 7.204883949999996
0.0075 0.4875 7.661562540000006
0.0075 0.5 7.881477250000003
0.0075 0.5125 7.854034769999998
0.0075 0.525 7.580493509999997
0.0075 0.5375 7.073967289999999
0.0075 0.55 6.359429150000004
0.0075 0.5625 5.473715310000003
0.0075 0.575 4.4655292699999976
0.0075 0.5875 3.3954462200000037
0.0075 0.6 2.3359176299999973
0.0075 0.6125 1.3712761900000032
0.0075 0.625 0.5977410200000008
0.0075 0.6375 0.12342342000000173
0.0075 0.65 0.06833299000000181
0.0075 0.6625 0.5643843400000037
0.0075 0.675 1.7554045400000007
0.0075 0.6875 3.7971413
0.0075 0.7 6.857272090000002
0.0075 0.7125 11.115414479999998
0.0075 0.725 16.763137790000002

0.01 0.3 10.359901629999996
0.01 0.3125 6.316349039999999
0.01 0.325 3.4339736100000025
0.01 0.3375 1.5372140500000029
0.01 0.35 0.46216657000000083
0.01 0.3625 0.05658975000000055
0.01 0.375 0.17990918000000278
0.01 0.3875 0.7032218399999977
0.01 0.4 1.5093004000000008
0.01 0.4125 2.4925972600000037
0.01 0.425 3.5592486500000007
0.01 0.4375 4.62707846
0.01 0.45 5.625602210000004
0.01 0.4625 6.4960308699999985
0.01 0.475 7.191274710000002
0.01 0.4875 7.675947210000004
0.01 0.5 7.926368940000003
0.01 0.5125 7.930571610000001
0.01 0.525 7.688302109999995
0.01 0.5375 7.211026700000005
0.01 0.55 6.5219354099999975
0.01 0.5625 5.65594651
0.01 0.575 4.6597112700000025
0.01 0.5875 3.591618920000002
0.01 0.6 2.521801940000003
0.01 0.6125 1.5321416600000006
0.01 0.625 0.7162742800000004
0.01 0.6375 0.17959731999999917
0.01 0.65 0.039276690000001224
0.01 0.6625 0.4242543699999999
0.01 0.675 1.4752568099999976
0.01 0.6875 3.3448043100000007
0.01 0.7 6.197221470000002
0.01 0.7125 10.208648909999994
0.01 0.725 15.567056559999997

0.0125 0.3 10.669010290000003
0.0125 0.3125 6.5504984299999975
0.0125 0.325 3.600168570000001
0.0125 0.3375 1.6430670399999983
0.0125 0.35 0.5157556899999989
0.0125 0.3625 0.06631735999999933
0.0125 0.375 0.15436095999999822
0.0125 0.3875 0.6510264200000009
0.0125 0.4 1.43898935
0.0125 0.4125 2.41246563
0.0125 0.425 3.477215860000001
0.0125 0.4375 4.550549680000003
0.0125 0.45 5.56133011
0.0125 0.4625 6.449977789999998
0.0125 0.475 7.168475310000005
0.0125 0.4875 7.680371440000002
0.0125 0.5 7.960785520000002
0.0125 0.5125 7.996411879999997
0.0125 0.525 7.7855243200000075
0.0125 0.5375 7.337980790000003
0.0125 0.55 6.675228199999999
0.0125 0.5625 5.830307400000002
0.0125 0.575 4.847858440000003
0.0125 0.5875 3.7841260599999984
0.0125 0.6 2.7069654900000018
0.0125 0.6125 1.6958487300000016
0.0125 0.625 0.8418711099999996
0.0125 0.6375 0.24775850000000332
0.0125 0.65 0.027875070000000335
0.0125 0.6625 0.308231769999999
0.0125 0.675 1.226495640000003
0.0125 0.6875 2.932000170000002
0.0125 0.7 5.585756780000004
0.0125 0.7125 9.360467850000006
0.0125 0.725 14.440541330000002

0.015 0.3 10.987109709999999
0.015 0.3125 6.792778040000002
0.015 0.325 3.77350938
0.015 0.3375 1.754972330000001
0.015 0.35 0.57421085
0.015 0.3625 0.07965010000000206
0.015 0.375 0.13110202000000015
0.015 0.3875 0.5997707200000022
0.015 0.4 1.3682575099999994
0.015 0.4125 2.3305658900000026
0.015 0.425 3.392106400000003
0.015 0.4375 4.469701290000003
0.015 0.45 5.4915892799999995
0.015 0.4625 6.39743009
0.015 0.475 7.138309199999995
0.015 0.4875 7.676742410000003
0.015 0.5 7.9866806
0.015 0.5125 8.053514539999995
0.015 0.525 7.874079730000005
0.015 0.5375 7.4566615100000035
0.015 0.55 6.821000230000003
0.015 0.5625 5.998296660000001
0.015 0.575 5.03121771
0.015 0.5875 3.973902350000003
0.015 0.6 2.8919679500000015
0.015 0.6125 1.8625169600000007
0.015 0.625 0.9741441800000032
0.015 0.6375 0.32694441000000296
0.015 0.65 0.032520970000000204
0.015 0.6625 0.21399478000000016
0.015 0.675 1.0060145200000008
0.015 0.6875 2.554767779999999
0.015 0.7 5.017993539999999
0.015 0.7125 8.564996160000007
0.015 0.725 13.376661319999997

0.0175 0.3 11.313629809999995
0.0175 0.3125 7.042730210000002
0.0175 0.325 3.9536612200000008
0.0175 0.3375 1.8727263399999998
0.0175 0.35 0.6374658000000011
0.0175 0.3625 0.09666287000000295
0.0175 0.375 0.11034985999999947
0.0175 0.3875 0.549813829999998
0.0175 0.4 1.2976020300000002
0.0175 0.4125 2.2475272400000037
0.0175 0.425 3.3046729400000032
0.0175 0.4375 4.385398350000003
0.0175 0.45 5.417343440000003
0.0175 0.4625 6.339433929999998
0.0175 0.475 7.101886199999996
0.0175 0.4875 7.66621232
0.0175 0.5 8.005225069999995
0.0175 0.5125 8.103043069999998
0.0175 0.525 7.955096019999999
0.0175 0.5375 7.568130089999997
0.0175 0.55 6.960213499999995
0.0175 0.5625 6.160742280000001
0.0175 0.575 5.21044637
0.0175 0.5875 4.16139596
0.0175 0.6 3.0770082599999995
0.0175 0.6125 2.032054649999999
0.0175 0.625 1.1126683700000015
0.0175 0.6375 0.41635280999999935
0.0175 0.65 0.051990480000000616
0.0175 0.6625 0.1398527699999974
0.0175 0.675 0.811610800000004
0.0175 0.6875 2.210347259999999
0.0175 0.7 4.490569739999998
0.0175 0.7125 7.818225710000007
0.0175 0.725 12.37071942

0.02 0.3 11.648221379999995
0.02 0.3125 7.300081890000001
0.02 0.325 4.140433880000003
0.02 0.3375 1.9962268600000002
0.02 0.35 0.7055100400000001
0.02 0.3625 0.11743901999999906
0.02 0.375 0.09228216000000344
0.02 0.3875 0.5014265900000012
0.02 0.4 1.2273840800000002
0.02 0.4125 2.1637965999999977
0.02 0.425 3.2154418200000023
0.02 0.4375 4.298238509999997
0.02 0.45 5.339251789999999
0.02 0.4625 6.276698420000002
0.02 0.475 7.0599520600000005
0.02 0.4875 7.649548530000004
0.02 0.5 8.017191179999998
0.02 0.5125 8.145756259999999
0.02 0.525 8.029298519999998
0.02 0.5375 7.673056900000006
0.02 0.55 7.093460379999996
0.02 0.5625 6.31813417
0.02 0.575 5.385906069999997
0.02 0.5875 4.346813220000001
0.02 0.6 3.2621092600000026
0.02 0.6125 2.2042718300000033
0.02 0.625 1.2570108000000033
0.02 0.6375 0.515276919999998
0.02 0.65 0.08527133999999847
0.02 0.6625 0.08445597000000049
0.02 0.675 0.6415648300000001
0.02 0.6875 1.8966166499999986
0.02 0.7 4.000928909999999
0.02 0.7125 7.117133589999995
0.02 0.725 11.419195130000006

0.0225 0.3 11.990661009999997
0.0225 0.3125 7.564664840000006
0.0225 0.325 4.333718769999997
0.0225 0.3375 2.125428409999998
0.0225 0.35 0.7783635400000009
0.0225 0.3625 0.14206516000000136
0.0225 0.375 0.07705220000000423
0.0225 0.3875 0.4548278000000039
0.0225 0.4 1.1578855099999998
0.0225 0.4125 2.07971517
0.0225 0.425 3.1248086499999985
0.0225 0.4375 4.208665539999998
0.0225 0.45 5.257798659999999
0.0225 0.4625 6.209739660000004
0.0225 0.475 7.013044500000007
0.0225 0.4875 7.62729899
0.0225 0.5 8.023124429999996
0.0225 0.5125 8.182183269999996
0.0225 0.525 8.097184960000007
0.0225 0.5375 7.771891929999995
0.0225 0.55 7.221125740000005
0.0225 0.5625 6.4707735799999995
0.0225 0.575 5.557794909999998
0.0225 0.5875 4.53022859
0.0225 0.6 3.4472003200000003
0.0225 0.6125 2.3789306099999976
0.0225 0.625 1.4067432699999998
0.0225 0.6375 0.6230746000000025
0.0225 0.65 0.13148331000000013
0.0225 0.6625 0.046661380000003305
0.0225 0.675 0.4944459600000002
0.0225 0.6875 1.6118325500000026
0.0225 0.7 3.546989719999999
0.0225 0.7125 6.459275650000002
0.0225 0.725 10.519256830000003

0.025 0.3 12.340805279999998
0.025 0.3125 7.836377209999995
0.025 0.325 4.533458830000001
0.025 0.3375 2.2603211699999974
0.025 0.35 0.8560653299999998
0.025 0.3625 0.17062991000000238
0.025 0.375 0.0647979499999991
0.025 0.3875 0.41020362999999804
0.025 0.4 1.0893386199999995
0.025 0.4125 1.995558299999999
0.025 0.425 3.0330877299999983
0.025 0.4375 4.117027610000001
0.025 0.45 5.173360049999999
0.025 0.4625 6.138954349999999
0.025 0.475 6.961572799999999
0.025 0.4875 7.5998764499999965
0.025 0.5 8.023430939999997
0.025 0.5125 8.212712499999995
0.025 0.525 8.159113970000007
0.025 0.5375 7.864951050000002
0.025 0.55 7.343468790000003
0.025 0.5625 6.61884826
0.025 0.575 5.726213559999998
0.025 0.5875 4.711639210000001
0.025 0.6 3.632157900000003
0.025 0.6125 2.5557688100000036
0.025 0.625 1.5614464800000007
0.025 0.6375 0.7391503200000002
0.025 0.65 0.18983501000000302
0.025 0.6625 0.025461739999997235
0.025 0.675 0.3690106600000007
0.025 0.6875 1.3544945900000016
0.025 0.7 3.1269743100000014
0.025 0.7125 5.842575780000004
0.025 0.725 9.668509630000003

0.0275 0.3 12.698559099999997
0.0275 0.3125 8.115157409999995
0.0275 0.325 4.739628330000002
0.0275 0.3375 2.400916930000001
0.0275 0.35 0.938665720000003
0.0275 0.3625 0.20322235999999805
0.0275 0.375 0.05564692000000093
0.0275 0.3875 0.36771878999999785
0.0275 0.4 1.0219433700000025
0.0275 0.4125 1.911558460000002
0.0275 0.425 2.940540509999998
0.0275 0.4375 4.023610810000001
0.0275 0.45 5.086241479999998
0.0275 0.4625 6.064661479999998
0.0275 0.475 6.905862650000003
0.0275 0.4875 7.567605659999998
0.0275 0.5 8.01842612
0.0275 0.5125 8.237640769999999
0.0275 0.525 8.215353739999998
0.0275 0.5375 7.9524630599999995
0.0275 0.55 7.460667369999996
0.0275 0.5625 6.762472819999999
0.0275 0.575 5.891200410000003
0.0275 0.5875 4.890993569999999
0.0275 0.6 3.81682627
0.0275 0.6125 2.7345115999999976
0.0275 0.625 1.7207109900000006
0.0275 0.6375 0.8629440400000021
0.0275 0.65 0.2595993199999995
0.0275 0.6625 0.019946029999999837
0.0275 0.675 0.2641468400000022
0.0275 0.6875 1.1232721499999982
0.0275 0.7 2.7393158900000003
0.0275 0.7125 5.265213369999998
0.0275 0.725 8.864861430000005

0.03 0.3 13.063862970000002
0.03 0.3125 8.400973149999999
0.03 0.325 4.952223979999999
0.03 0.3375 2.5472426400000003
0.03 0.35 1.0262225800000024
0.03 0.3625 0.2399314299999986
0.03 0.375 0.04971851999999899
0.03 0.3875 0.3275221199999976
0.03 0.4 0.955876240000002
0.03 0.4125 1.8279173499999999
0.03 0.425 2.847390830000002
0.03 0.4375 3.9286573600000025
0.03 0.45 4.9966991100000016
0.03 0.4625 5.987126019999998
0.03 0.475 6.846181950000002
0.03 0.4875 7.530750960000006
0.03 0.5 8.008363500000002
0.03 0.5125 8.257202910000004
0.03 0.525 8.26611183
0.03 0.5375 8.034598970000005
0.03 0.55 7.572846010000006
0.03 0.5625 6.901714760000004
0.03 0.575 6.052754720000003
0.03 0.5875 5.068210909999998
0.03 0.6 4.001032260000002
0.03 0.6125 2.9148804800000008
0.03 0.625 1.8841395000000034
0.03 0.6375 0.9939257300000008
0.03 0.65 0.34009911999999787
0.03 0.6625 0.029275220000002378
0.03 0.675 0.17883843999999982
0.03 0.6875 0.9169567100000009
0.03 0.7 2.3825978300000017
0.03 0.7125 4.725547839999997
0.03 0.725 8.106431819999997

0.0325 0.3 13.43668409
0.0325 0.3125 8.693814090000004
0.0325 0.325 5.171259280000001
0.0325 0.3375 2.699336670000001
0.0325 0.35 1.1187996600000005
0.0325 0.3625 0.2808462600000041
0.0325 0.375 0.04712682000000257
0.0325 0.3875 0.2897515100000021
0.0325 0.4 0.8912973500000021
0.0325 0.4125 1.7448151700000025
0.0325 0.425 2.753836210000003
0.0325 0.4375 3.8323787500000037
0.0325 0.45 4.904954480000001
0.0325 0.4625 5.906574990000003
0.0325 0.475 6.782758120000004
0.0325 0.4875 7.4895343600000075
0.0325 0.5 7.993453360000004
0.0325 0.5125 8.271590470000007
0.0325 0.525 8.311553509999996
0.0325 0.5375 8.111489610000007
0.0325 0.55 7.680092360000003
0.0325 0.5625 7.036609229999996
0.0325 0.575 6.2108492500000025
0.0325 0.5875 5.2431911899999974
0.0325 0.6 4.184592090000002
0.0325 0.6125 3.0965964199999974
0.0325 0.625 2.0513458400000033
0.0325 0.6375 1.1315896799999976
0.0325 0.65 0.43069634999999806
0.0325 0.6625 0.05266572000000025
0.0325 0.675 0.11214277999999922
0.0325 0.6875 0.7344326899999984
0.0325 0.7 2.0555175699999992
0.0325 0.7125 4.22207538
0.0325 0.725 7.391501309999995

0.035 0.3 13.817002799999997
0.035 0.3125 8.99368106
0.035 0.325 5.39675656
0.035 0.3375 2.857243430000004
0.035 0.35 1.2164636600000023
0.035 0.3625 0.3260555700000012
0.035 0.375 0.047981860000000154
0.035 0.3875 0.25453720000000146
0.035 0.4 0.8283555499999977
0.035 0.4125 1.6624172400000035
0.035 0.425 2.6600558399999983
0.035 0.4375 3.7349649399999976
0.035 0.45 4.811204699999998
0.035 0.4625 5.823208530000002
0.035 0.475 6.715789610000002
0.035 0.4875 7.444147470000004
0.035 0.5 7.973874699999996
0.035 0.5125 8.280963650000004
0.035 0.525 8.35181335
0.035 0.5375 8.183236609999994
0.035 0.55 7.782467310000001
0.035 0.5625 7.167167980000002
0.035 0.575 6.365437810000003
0.035 0.5875 5.415820889999999
0.035 0.6 4.367315070000004
0.035 0.6125 3.279381319999999
0.035 0.625 2.221953710000001
0.035 0.6375 1.2754502200000033
0.035 0.65 0.5307843699999992
0.035 0.6625 0.08937798000000186
0.035 0.675 0.06317509000000143
0.035 0.6875 0.5746574400000029
0.035 0.7 1.7568616699999993
0.035 0.7125 3.7533986299999995
0.035 0.725 6.718475290000001

0.0375 0.3 14.204815249999996
0.0375 0.3125 9.300587660000005
0.0375 0.325 5.628747760000003
0.0375 0.3375 3.0210136900000037
0.0375 0.35 1.3192842899999988
0.0375 0.3625 0.37564782999999835
0.0375 0.375 0.05239021999999949
0.0375 0.3875 0.22200282000000016
0.0375 0.4 0.7671900100000002
0.0375 0.4125 1.5808763900000002
0.0375 0.425 2.5662138599999977
0.0375 0.4375 3.6365885200000037
0.0375 0.45 4.715627529999999
0.0375 0.4625 5.737205799999998
0.0375 0.475 6.645452740000003
0.0375 0.4875 7.394759050000005
0.0375 0.5 7.949783510000003
0.0375 0.5125 8.285459919999994
0.0375 0.525 8.387004160000004
0.0375 0.5375 8.249921420000007
0.0375 0.55 7.880013750000003
0.0375 0.5625 7.293387769999995
0.0375 0.575 6.516462860000004
0.0375 0.5875 5.585979630000004
0.0375 0.6 4.54900894
0.0375 0.6125 3.462961530000001
0.0375 0.625 2.395598190000001
0.0375 0.6375 1.4250408199999995
0.0375 0.65 0.6397843499999993
0.0375 0.6625 0.1387097300000022
0.0375 0.675 0.031098229999997784
0.0375 0.6875 0.43664721000000384
0.0375 0.7 1.4854877000000002
0.0375 0.7125 3.3182041600000005
0.0375 0.725 6.085856820000004

0.04 0.3 14.600128460000008
0.04 0.3125 9.614556379999996
0.04 0.325 5.867271500000001
0.04 0.3375 3.1907026100000024
0.04 0.35 1.4273333400000041
0.04 0.3625 0.429711140000002
0.04 0.375 0.06045568999999773
0.04 0.3875 0.19226687999999825
0.04 0.4 0.7079325700000041
0.04 0.4125 1.5003359800000027
0.04 0.425 2.472462929999999
0.04 0.4375 3.5374089100000035
0.04 0.45 4.61838607
0.04 0.4625 5.648730090000001
0.04 0.475 6.571907100000004
0.04 0.4875 7.341520619999997
0.04 0.5 7.921318440000007
0.04 0.5125 8.285199820000003
0.04 0.525 8.417222600000002
0.04 0.5375 8.311610700000003
0.04 0.55 7.972761730000002
0.04 0.5625 7.415254930000003
0.04 0.575 6.663859510000002
0.04 0.5875 5.753543309999998
0.04 0.6 4.729482009999998
0.04 0.6125 3.647068940000004
0.04 0.625 2.571925489999998
0.04 0.6375 1.5799123700000024
0.04 0.65 0.7571417799999978
0.04 0.6625 0.1999906799999991
0.04 0.675 0.015115340000001254
0.04 0.6875 0.3194674300000031
0.04 0.7 1.2403119700000005
0.04 0.7125 2.9152474400000017
0.04 0.725 5.492228570000002

0.0425 0.3 15.002957910000006
0.0425 0.3125 9.935616710000005
0.0425 0.325 6.112371889999999
0.0425 0.3375 3.366369200000001
0.0425 0.35 1.5406847100000007
0.0425 0.3625 0.4883340000000018
0.0425 0.375 0.07228068999999948
0.0425 0.3875 0.16544471000000271
0.0425 0.4 0.6507101500000019
0.0425 0.4125 1.4209328100000036
0.0425 0.425 2.3789476700000023
0.0425 0.4375 3.4375760400000033
0.0425 0.45 4.519632710000003
0.0425 0.4625 5.55793302
0.0425 0.475 6.4952998799999975
0.0425 0.4875 7.284570830000007
0.0425 0.5 7.888605130000002
0.0425 0.5125 8.28029103
0.0425 0.525 8.442553110000006
0.0425 0.5375 8.368359850000004
0.0425 0.55 8.060731430000004
0.0425 0.5625 7.532747810000004
0.0425 0.575 6.807557250000002
0.0425 0.5875 5.918385110000003
0.0425 0.6 4.908543270000003
0.0425 0.6125 3.8314400699999993
0.0425 0.625 2.750590989999999
0.0425 0.6375 1.7396300300000007
0.0425 0.65 0.8823221700000019
0.0425 0.6625 0.27257682999999844
0.0425 0.675 0.01446273999999903
0.0425 0.6875 0.22222424000000274
0.0425 0.7 1.0202996000000013
0.0425 0.7125 2.54334145
0.0425 0.725 4.936239999999998

0.045 0.3 15.413324810000006
0.045 0.3125 10.263802740000003
0.045 0.325 6.364096340000003
0.045 0.3375 3.548074409999998
0.045 0.35 1.6594128500000025
0.045 0.3625 0.5516039900000038
0.045 0.375 0.08796534000000378
0.045 0.3875 0.14164800999999727
0.045 0.4 0.595644710000002
0.045 0.4125 1.3427975199999977
0.045 0.425 2.285805410000002
0.045 0.4375 3.3372316000000026
0.045 0.45 4.419510840000001
0.045 0.4625 5.464956600000001
0.045 0.475 6.415768229999998
0.045 0.4875 7.22403817
0.045 0.5 7.851759169999994
0.045 0.5125 8.270831650000005
0.045 0.525 8.463071249999999
0.045 0.5375 8.42021647
0.045 0.55 8.143936640000007
0.045 0.5625 7.6458401800000075
0.045 0.575 6.947483169999998
0.045 0.5875 6.080378410000002
0.045 0.6 5.086004940000002
0.045 0.6125 4.015818170000003
0.045 0.625 2.9312607100000037
0.045 0.6375 1.9037739899999977
0.045 0.65 1.014810869999998
0.045 0.6625 0.3558493800000022
0.045 0.675 0.028407729999997855
0.045 0.6875 0.1440610100000015
0.045 0.7 0.8244596600000023
0.045 0.7125 2.2013502900000006
0.045 0.725 4.416599240000004

0.0475 0.3 15.831249569999997
0.0475 0.3125 10.599148229999997
0.0475 0.325 6.6224922000000035
0.0475 0.3375 3.7358791899999986
0.0475 0.35 1.7835920500000029
0.0475 0.3625 0.6196082200000035
0.0475 0.375 0.10760875999999797
0.0475 0.3875 0.12098684000000048
0.0475 0.4 0.5428559100000001
0.0475 0.4125 1.2660576600000013
0.0475 0.425 2.1931695900000037
0.0475 0.4375 3.236512619999999
0.0475 0.45 4.318158420000003
0.0475 0.4625 5.36993674
0.0475 0.475 6.333442689999998
0.0475 0.4875 7.160044119999995
0.0475 0.5 7.810888910000003
0.0475 0.5125 8.256912510000006
0.0475 0.525 8.478845539999995
0.0475 0.5375 8.467221640000005
0.0475 0.55 8.222385509999995
0.0475 0.5625 7.754501320000003
0.0475 0.575 7.0835614599999985
0.0475 0.5875 6.239395639999998
0.0475 0.6 5.261680679999998
0.0475 0.6125 4.199950710000003
0.0475 0.625 3.11360818
0.0475 0.6375 2.0719356999999974
0.0475 0.65 1.1541087700000006
0.0475 0.6625 0.44920976000000223
0.0475 0.675 0.05624315000000024
0.0475 0.6875 0.08415240000000068
0.0475 0.7 0.6518387699999977
0.0475 0.7125 1.8881823800000035
0.0475 0.725 3.9320660699999976

0.05 0.3 16.256766929999998
0.05 0.3125 10.941698130000006
0.05 0.325 6.887615100000005
0.05 0.3375 3.9298500700000005
0.05 0.35 1.9132997000000032
0.05 0.3625 0.6924347100000006
0.05 0.375 0.1313090499999987
0.05 0.3875 0.10356853999999771
0.05 0.4 0.49245923000000147
0.05 0.4125 1.1908354099999983
0.05 0.425 2.101167410000002
0.05 0.4375 3.135549250000004
0.05 0.45 4.215706130000001
0.05 0.4625 5.273001909999998
0.05 0.475 6.248446460000004
0.05 0.4875 7.092703159999999
0.05 0.5 7.766096340000004
0.05 0.5125 8.23861891
0.05 0.525 8.489940070000003
0.05 0.5375 8.509413300000006
0.05 0.55 8.296084539999995
0.05 0.5625 7.858700650000003
0.05 0.575 7.215718339999995
0.05 0.5875 6.395313430000002
0.05 0.6 5.435390689999998
0.05 0.6125 4.383594250000002
0.05 0.625 3.297318770000004
0.05 0.6375 2.243721360000002
0.05 0.65 1.29973459
0.05 0.6625 0.5520805499999994
0.05 0.675 0.09728634999999741
0.05 0.6875 0.04170119999999855
0.05 0.7 0.5015154499999994
0.05 0.7125 1.6027819199999982
0.05 0.725 3.4814400400000025

0.0525 0.3 16.689906390000004
0.0525 0.3125 11.291493520000003
0.0525 0.325 7.159517829999999
0.0525 0.3375 4.130051510000001
0.0525 0.35 2.0486116800000005
0.0525 0.3625 0.770170229999998
0.0525 0.375 0.15916314000000398
0.0525 0.3875 0.08949924000000209
0.0525 0.4 0.4445686999999978
0.0525 0.4125 1.11725122
0.0525 0.425 2.0099238800000023
0.0525 0.4375 3.034468969999999
0.0525 0.45 4.11228156
0.0525 0.4625 5.174277090000004
0.0525 0.475 6.160898879999998
0.0525 0.4875 7.022125639999999
0.0525 0.5 7.717479139999995
0.0525 0.5125 8.216031850000007
0.0525 0.525 8.496414819999998
0.0525 0.5375 8.546825740000003
0.0525 0.55 8.365037240000007
0.0525 0.5625 7.958405499999998
0.0525 0.575 7.343879229999999
0.0525 0.5875 6.548009120000003
0.0525 0.6 5.60695776
0.0525 0.6125 4.566510219999998
0.0525 0.625 3.4820852799999997
0.0525 0.6375 2.418747600000003
0.0525 0.65 1.4512208200000032
0.0525 0.6625 0.6639018099999987
0.0525 0.675 0.15087632000000184
0.0525 0.6875 0.015936320000001558
0.0525 0.7 0.3725991800000017
0.0525 0.7125 1.3441292700000034
0.0525 0.725 3.0635623900000013

0.055 0.3 17.130704640000005
0.055 0.3125 11.648581039999996
0.055 0.325 7.438257280000002
0.055 0.3375 4.336550680000002
0.055 0.35 2.189605290000003
0.055 0.3625 0.8529018700000037
0.055 0.375 0.19126726999999732
0.055 0.3875 0.0788834499999993
0.055 0.4 0.39929603000000213
0.055 0.4125 1.0454225599999987
0.055 0.425 1.9195605800000024
0.055 0.4375 2.933395500000003
0.055 0.45 4.0080083
0.055 0.4625 5.073883190000004
0.055 0.475 6.07091526
0.055 0.4875 6.9484181199999995
0.055 0.5 7.665131580000008
0.055 0.5125 8.189229460000007
0.055 0.525 8.498327560000007
0.055 0.5375 8.579491820000001
0.055 0.55 8.429246710000001
0.055 0.5625 8.053583950000004
0.055 0.575 7.46797162
0.055 0.5875 6.697363690000003
0.055 0.6 5.776210069999998
0.055 0.6125 4.748467290000001
0.055 0.625 3.667609910000003
0.055 0.6375 2.596642799999998
0.055 0.65 1.6081143099999977
0.055 0.6625 0.7841307799999981
0.055 0.675 0.21637231999999784
0.055 0.6875 0.006110259999999812
0.055 0.7 0.2642266300000031
0.055 0.7125 1.1112359099999978
0.055 0.725 2.677309710000003

0.0575 0.3 17.579202300000006
0.0575 0.3125 12.013010719999997
0.0575 0.325 7.723893059999995
0.0575 0.3375 4.54941685
0.0575 0.35 2.336359299999998
0.0575 0.3625 0.9407174700000027
0.0575 0.375 0.22771780000000064
0.0575 0.3875 0.07182522000000091
0.0575 0.4 0.3567518199999995
0.0575 0.4125 0.9754652800000017
0.0575 0.425 1.8301970099999991
0.0575 0.4375 2.8324501100000035
0.0575 0.45 3.9030071999999976
0.0575 0.4625 4.971938190000003
0.0575 0.475 5.978608000000001
0.0575 0.4875 6.871684290000005
0.0575 0.5 7.609145269999999
0.0575 0.5125 8.158287560000005
0.0575 0.525 8.495734319999997
0.0575 0.5375 8.60744339
0.0575 0.55 8.488715900000003
0.0575 0.5625 8.144205020000001
0.0575 0.575 7.587925170000005
0.0575 0.5875 6.843261670000004
0.0575 0.6 5.942980890000001
0.0575 0.6125 4.9292410600000025
0.0575 0.625 3.8536037599999986
0.0575 0.6375 2.777046300000002
0.0575 0.65 1.7699751299999988
0.0575 0.6625 0.9122403699999992
0.0575 0.675 0.2931517800000023
0.0575 0.6875 0.011496420000000285
0.0575 0.7 0.17555819000000383
0.0575 0.7125 0.9031398899999985
0.0575 0.725 2.3215880700000042

0.06 0.3 18.035434429999995
0.06 0.3125 12.384827959999996
0.06 0.325 8.016481029999994
0.06 0.3375 4.768716179999998
0.06 0.35 2.48894988
0.06 0.3625 1.0337027300000017
0.06 0.375 0.26860921000000104
0.06 0.3875 0.0684268500000016
0.06 0.4 0.31704507999999976
0.06 0.4125 0.9074936800000017
0.06 0.425 1.7419510900000006
0.06 0.4375 2.7317524199999994
0.06 0.45 3.7973974300000037
0.06 0.4625 4.86855834
0.06 0.475 5.8840876699999995
0.06 0.4875 6.792026050000004
0.06 0.5 7.549610110000003
0.06 0.5125 8.123280460000004
0.06 0.525 8.488689829999998
0.06 0.5375 8.630711399999996
0.06 0.55 8.543447420000007
0.06 0.5625 8.230238080000007
0.06 0.575 7.7036708100000055
0.06 0.5875 6.985590029999997
0.06 0.6 6.107107370000001
0.06 0.6125 5.108612600000001
0.06 0.625 4.0397852400000005
0.06 0.6375 2.9596070400000016
0.06 0.65 1.9363754800000024
0.06 0.6625 1.0477184599999987
0.06 0.675 0.3806103900000011
0.06 0.6875 0.03138999000000098
0.06 0.7 0.10577999000000204
0.06 0.7125 0.7189093900000003
0.06 0.725 1.9953384300000039

0.0625 0.3 18.49944732
0.0625 0.3125 12.764087290000006
0.0625 0.325 8.316084160000003
0.0625 0.3375 4.994520180000002
0.0625 0.35 2.6474569100000025
0.0625 0.3625 1.1319456000000017
0.0625 0.375 0.3140369899999982
0.0625 0.3875 0.0687906699999985
0.0625 0.4 0.2802839400000039
0.0625 0.4125 0.8416204800000031
0.0625 0.425 1.6549386300000037
0.0625 0.4375 2.6314196300000035
0.0625 0.45 3.6912955399999987
0.0625 0.4625 4.763857280000003
0.0625 0.475 5.787462420000004
0.0625 0.4875 6.709543189999998
0.0625 0.5 7.486614369999998
0.0625 0.5125 8.084281390000001
0.0625 0.525 8.477248540000005
0.0625 0.5375 8.649327389999996
0.0625 0.55 8.593445450000004
0.0625 0.5625 8.311655200000004
0.0625 0.575 7.815143390000003
0.0625 0.5875 7.124240920000005
0.0625 0.6 6.268433180000002
0.0625 0.6125 5.286370990000002
0.0625 0.625 4.225882380000002
0.0625 0.6375 3.1439851200000035
0.0625 0.65 2.106900369999998
0.0625 0.6625 1.1900674299999991
0.0625 0.675 0.4781600000000026
0.0625 0.6875 0.0651040899999984
0.0625 0.7 0.054097849999998004
0.0625 0.7125 0.5576339899999994
0.0625 0.725 1.6975249199999993

0.065 0.3 18.971277900000004
0.065 0.3125 13.150835639999997
0.065 0.325 8.622759380000005
0.065 0.3375 5.22689561
0.065 0.35 2.8119566900000024
0.065 0.3625 1.235531360000003
0.065 0.375 0.3640947100000034
0.065 0.3875 0.07301756000000381
0.065 0.4 0.24657550999999955
0.065 0.4125 0.7779576300000031
0.065 0.425 1.5692749000000035
0.065 0.4375 2.5315684500000017
0.065 0.45 3.584817659999999
0.065 0.4625 4.657948179999998
0.065 0.475 5.6888399199999995
0.065 0.4875 6.624335010000003
0.065 0.5 7.420245850000001
0.065 0.5125 8.041363250000003
0.065 0.525 8.461464719999995
0.065 0.5375 8.663322980000004
0.065 0.55 8.638714680000007
0.065 0.5625 8.388429490000007
0.065 0.575 7.922279520000004
0.065 0.5875 7.259109230000007
0.065 0.6 6.426805880000003
0.065 0.6125 5.46231057
0.065 0.625 4.411630039999999
0.065 0.6375 3.329849369999998
0.065 0.65 2.281145670000001
0.065 0.6625 1.3388029700000033
0.065 0.675 0.5852285400000028
0.065 0.6875 0.11197093999999908
0.065 0.7 0.019740020000000413
0.065 0.7125 0.41842935999999753
0.065 0.725 1.4271416899999991

0.0675 0.3 19.450973200000007
0.0675 0.3125 13.545128210000001
0.0675 0.325 8.936570230000001
0.0675 0.3375 5.465914339999998
0.0675 0.35 2.982529200000002
0.0675 0.3625 1.34454779
0.0675 0.375 0.4188773500000025
0.0675 0.3875 0.08120899000000037
0.0675 0.4 0.21602675999999832
0.0675 0.4125 0.7166164200000011
0.0675 0.425 1.4850740400000007
0.0675 0.4375 2.432314230000003
0.0675 0.45 3.4780783900000003
0.0675 0.4625 4.550942769999999
0.0675 0.475 5.5883265200000025
0.0675 0.4875 6.536499769999999
0.0675 0.5 7.350591690000002
0.0675 0.5125 7.994598760000002
0.0675 0.525 8.441393090000005
0.0675 0.5375 8.672730990000005
0.0675 0.55 8.679261789999998
0.0675 0.5625 8.460536970000007
0.0675 0.575 8.025019709999995
0.0675 0.5875 7.390094779999998
0.0675 0.6 6.582079110000002
0.0675 0.6125 5.636232939999999
0.0675 0.625 4.596771629999999
0.0675 0.6375 3.5168784900000034
0.0675 0.65 2.4587185299999987
0.0675 0.6625 1.493453450000004
0.0675 0.675 0.7012580700000015
0.0675 0.6875 0.17133843999999954
0.0675 0.7 0.0019519800000011855
0.0675 0.7125 0.3004300500000028
0.0675 0.725 1.1832034399999998

0.07 0.3 19.93857724
0.07 0.3125 13.947017520000003
0.07 0.325 9.257577830000002
0.07 0.3375 5.711646010000003
0.07 0.35 3.159252430000002
0.07 0.3625 1.4590807800000007
0.07 0.375 0.47847816000000165
0.07 0.3875 0.09346476000000337
0.07 0.4 0.1887430299999977
0.07 0.4125 0.6577065600000012
0.07 0.425 1.40244869
0.07 0.4375 2.333770880000003
0.07 0.45 3.3711910199999977
0.07 0.4625 4.442951520000001
0.07 0.475 5.4860275099999996
0.07 0.4875 6.446134870000002
0.07 0.5 7.277738490000004
0.07 0.5125 7.9440604800000045
0.07 0.525 8.417088629999995
0.07 0.5375 8.677585019999995
0.07 0.55 8.715094899999997
0.07 0.5625 8.527955899999995
0.07 0.575 8.123307600000004
0.07 0.5875 7.517101539999999
0.07 0.6 6.734111840000004
0.07 0.6125 5.807946370000003
0.07 0.625 4.781058700000003
0.07 0.6375 3.7047609700000024
0.07 0.65 2.6392377000000025
0.07 0.6625 1.6535608900000014
0.07 0.675 0.8257065000000026
0.07 0.6875 0.24257269000000292
0.07 0.7 0.0
0.07 0.7125 0.20279408000000387
0.07 0.725 0.9647512599999999

0.0725 0.3 20.434139459999997
0.0725 0.3125 14.356560729999998
0.0725 0.325 9.585847180000002
0.0725 0.3375 5.964163470000003
0.0725 0.35 3.3422068699999983
0.0725 0.3625 1.5792181200000002
0.0725 0.375 0.5429917000000017
0.0725 0.3875 0.1098855000000043
0.0725 0.4 0.16483012999999858
0.0725 0.4125 0.6013378700000018
0.0725 0.425 1.3215113400000007
0.0725 0.4375 2.236052000000001
0.0725 0.45 3.2642684099999997
0.0725 0.4625 4.334084539999999
0.0725 0.475 5.382047870000001
0.0725 0.4875 6.3533376399999995
0.0725 0.5 7.201773009999997
0.0725 0.5125 7.889821479999995
0.0725 0.525 8.388607309999998
0.0725 0.5375 8.677920220000004
0.0725 0.55 8.746224339999998
0.0725 0.5625 8.590667420000003
0.0725 0.575 8.217090540000001
0.0725 0.5875 7.640038130000008
0.0725 0.6 6.882768639999995
0.0725 0.6125 5.977265809999999
0.0725 0.625 4.964250650000004
0.0725 0.6375 3.8931943700000033
0.0725 0.65 2.8223322899999985
0.0725 0.6625 1.8186789700000006
0.0725 0.675 0.9580448199999978
0.0725 0.6875 0.32505430999999874
0.0725 0.7 0.013166370000000427
0.0725 0.7125 0.12469708000000423
0.0725 0.725 0.7708454099999997

0.075 0.3 20.937702470000005
0.075 0.3125 14.773809260000007
0.075 0.325 9.921438530000003
0.075 0.3375 6.223535679999998
0.075 0.35 3.5314698999999976
0.075 0.3625 1.7050452200000024
0.075 0.375 0.6125107499999984
0.075 0.3875 0.1305705400000008
0.075 0.4 0.1443929300000022
0.075 0.4125 0.5476195700000019
0.075 0.425 1.2423741899999996
0.075 0.4375 2.1392710699999995
0.075 0.45 3.1574235300000026
0.075 0.4625 4.224452140000004
0.075 0.475 5.276492959999999
0.075 0.4875 6.258205840000002
0.075 0.5 7.122782639999997
0.075 0.5125 7.831955649999998
0.075 0.525 8.356006149999999
0.075 0.5375 8.673773080000004
0.075 0.55 8.772662089999997
0.075 0.5625 8.648654829999998
0.075 0.575 8.306318610000005
0.075 0.5875 7.758816580000001
0.075 0.6 7.027918380000003
0.075 0.6125 6.144011499999998
0.075 0.625 5.146113329999999
0.075 0.6375 4.0818841000000035
0.075 0.65 3.007640860000002
0.075 0.6625 1.9883727100000002
0.075 0.675 1.0977573899999982
0.075 0.6875 0.4181796900000023
0.075 0.7 0.04075175999999914
0.075 0.7125 0.06533595999999875
0.075 0.725 0.6005706999999987

0.0775 0.3 21.44931443
0.0775 0.3125 15.198819209999996
0.0775 0.325 10.264416010000005
0.0775 0.3375 6.489834690000002
0.0775 0.35 3.727121310000001
0.0775 0.3625 1.8366491499999995
0.0775 0.375 0.6871291500000041
0.0775 0.3875 0.15561979000000292
0.0775 0.4 0.12753649000000422
0.0775 0.4125 0.4966607599999975
0.0775 0.425 1.1651489899999987
0.0775 0.4375 2.0435410500000017
0.0775 0.45 3.0507687200000007
0.0775 0.4625 4.11416406
0.0775 0.475 5.169467689999998
0.0775 0.4875 6.160837090000001
0.0775 0.5 7.040854910000007
0.0775 0.5125 7.77053746
0.0775 0.525 8.319343250000003
0.0775 0.5375 8.665181790000005
0.0775 0.55 8.794422620000006
0.0775 0.5625 8.701904670000005
0.0775 0.575 8.390946
0.0775 0.5875 7.873353960000003
0.0775 0.6 7.169435960000001
0.0775 0.6125 6.308010809999999
0.0775 0.625 5.326420859999999
0.0775 0.6375 4.270544980000004
0.0775 0.65 3.1948125800000042
0.0775 0.6625 2.16221891
0.0775 0.675 1.2443416700000043
0.0775 0.6875 0.521359480000001
0.0775 0.7 0.0820723000000001
0.0775 0.7125 0.023924290000003623
0.0775 0.725 0.45302965999999856

