0.001 140.36913190786066
0.001012449799196787 136.15792870056507
0.001024899598393574 132.06358858386676
0.0010373493975903607 128.08281212990062
0.001049799196787149 124.21229991080156
0.001062248995983936 120.44875249870428
0.0010746987951807227 116.78887046574356
0.00108714859437751 113.22935438405418
0.0010995983935742973 109.76690482577096
0.001112048192771084 106.39822236302876
0.001124497991967871 103.12000756796228
0.001136947791164659 99.92896101270637
0.001149397590361446 96.82178326939571
0.001161847389558233 93.79517491016523
0.00117429718875502 90.84583650714967
0.001186746987951807 87.97046863248384
0.001199196787148594 85.16577185830249
0.001211646586345382 82.42884565679078
0.001224096385542169 79.75872673895293
0.001236546184738956 77.15503906850167
0.0012489959839357427 74.61740673999556
0.00126144578313253 72.14545384799322
0.0012738955823293173 69.73880448705322
0.0012863453815261038 67.3970827517342
0.0012987951807228919 65.11991273659473
0.0013112449799196793 62.90678960069556
0.001323694779116466 60.75651794754828
0.001336144578313253 58.66767216219814
0.00134859437751004 56.63882647110533
0.001361044176706827 54.66855510073006
0.0013734939759036141 52.75543227753256
0.001385943775100402 50.89803222797305
0.001398393574297189 49.094929178511734
0.001410843373493976 47.344555046273705
0.0014232931726907627 45.644500313622345
0.00143574297188755 43.99204732485503
0.0014481927710843373 42.384477961545066
0.001460642570281124 40.81907410526578
0.0014730923694779119 39.29311763759053
0.0014855421686746993 37.80389044009267
0.001497991967871486 36.34867439434549
0.001510441767068273 34.925255777406726
0.00152289156626506 33.53471794717169
0.0015353413654618467 32.17946884494358
0.001547791164658635 30.861919999271578
0.001560240963855422 29.584482938704873
0.0015726907630522087 28.34956919179262
0.0015851405622489961 27.159590287084
0.001597590361445783 26.0169577531282
0.0016100401606425699 24.923517274472022
0.001622489959839357 23.8770181510115
0.0016349397590361453 22.87340662299248
0.001647389558232932 21.908621108433383
0.001659839357429719 20.97860002535258
0.001672289156626506 20.07928179176849
0.001684738955823293 19.206604825699497
0.0016971887550200802 18.356507545164018
0.001709638554216868 17.52532076086494
0.001722088353413655 16.71252824842138
0.001734538152610442 15.919132374932548
0.0017469879518072287 15.14614524351407
0.0017594377510040161 14.39457895728156
0.001771887550200803 13.665445619350628
0.0017843373493975898 12.959757332836912
0.001796787148594377 12.27852620085601
0.0018092369477911649 11.62263497069701
0.001821686746987952 10.99180970381818
0.001834136546184739 10.385167573904162
0.0018465863453815262 9.80182031121204
0.001859036144578313 9.240879645998909
0.0018714859437751008 8.70145730852186
0.001883935742971888 8.18266502903796
0.0018963855421686754 7.683614537804309
0.0019088353413654613 7.203502779198458
0.001921285140562249 6.742377278250967
0.0019337349397590359 6.300774404783383
0.0019461847389558235 5.879236362679409
0.00195863453815261 5.4783053558227355
0.001971084337349398 5.098523588097066
0.001983534136546185 4.740433263386102
0.001995983935742972 4.404576585573537
0.002008433734939759 4.091298181867674
0.002020883534136546 3.798733217128113
0.0020333333333333327 3.5236318140652694
0.00204578313253012 3.262722761119451
0.002058232931726908 3.0127348467309725
0.002070682730923695 2.7703968593401385
0.0020831325301204815 2.532437587387262
0.0020955823293172687 2.2955858193126533
0.002108032128514056 2.0569781871457353
0.0021204819277108435 1.8188825560519013
0.002132931726907631 1.587072410766766
0.0021453815261044174 1.36738909100308
0.0021578313253012046 1.165673936473595
0.0021702811244979922 0.9877682868910633
0.0021827309236947794 0.8395134819682339
0.002195180722891567 0.726750861417861
0.0022076305220883534 0.6547424184642705
0.0022200803212851406 0.620509388087664
0.002232530120481928 0.6149412574439106
0.002244979919678715 0.6287815579034906
0.002257429718875502 0.6527738208368872
0.002269879518072289 0.677661577614578
0.002282329317269076 0.6941883596070451
0.002294779116465863 0.6930976981847699
0.00230722891566265 0.6656543351941338
0.002319678714859438 0.6115525552280019
0.002332128514056225 0.5373142141269991
0.002344578313253012 0.4496575153681701
0.0023570281124497988 0.3553006624285482
0.002369477911646586 0.2609618587851781
0.002381927710843374 0.17335930791509613
0.0023943775100401608 0.09921121329534421
0.002406827309236948 0.04498989172362311
0.002419277108433735 0.012616279045284395
0.0024317269076305215 0.0
0.00244417670682731 0.004913347137725177
0.0024566265060240967 0.025128613008412293
0.002469076305220884 0.05841809016201238
0.002481526104417671 0.1025540711484818
0.0024939759036144574 0.15530884851777005
0.002506425702811245 0.21454327294101327
0.002518875502008032 0.28000868179779115
0.002531325301204819 0.35326900002804207
0.002543775100401607 0.4359611222150077
0.0025562248995983946 0.5297219429419293
0.002568674698795181 0.6361883567920481
0.002581124497991968 0.756997258348608
0.002593574297188755 0.893785542194848
0.002606024096385542 1.0480434473551865
0.002618473895582329 1.2176182453193412
0.002630923694779116 1.396557677085736
0.002643373493975904 1.5787314981212721
0.002655823293172691 1.7580094638928347
0.002668273092369478 1.9282613298673241
0.002680722891566265 2.0833568515116268
0.002693172690763052 2.217165784292641
0.00270562248995984 2.323789915180029
0.002718072289156627 2.404108397366449
0.002730522088353414 2.4666902327553055
0.002742971887550201 2.5205198644938607
0.002755421686746988 2.574581735729378
0.002767871485943775 2.6378602896091143
0.0027803212851405614 2.719339969280335
0.0027927710843373486 2.8280052178902997
0.002805220883534137 2.9726254912391052
0.002817670682730924 3.154494517601245
0.002830120481927711 3.3656762475672517
0.002842570281124498 3.5976639416008442
0.002855020080321285 3.8419508601657206
0.0028674698795180717 4.0900302637255965
0.002879919678714859 4.3333954127441725
0.002892369477911647 4.563539567685167
0.002904819277108434 4.772086535972923
0.002917269076305221 4.956144532791025
0.0029297188755020077 5.12019253933476
0.002942168674698795 5.269227720597499
0.002954618473895582 5.408247241572595
0.00296706827309237 5.5422482672534175
0.002979518072289157 5.67622796263332
0.002991967871485944 5.81518349270567
0.003004417670682731 5.964072911821605
0.003016867469879518 6.125833685149959
0.003029317269076305 6.3004457081750305
0.0030417670682730924 6.487653801146114
0.00305421686746988 6.687202784312519
0.003066666666666667 6.8988374779235455
0.0030791164658634535 7.122302702228509
0.003091566265060241 7.3573432774767005
0.0031040160642570283 7.603678401315613
0.003116465863453816 7.859363826459389
0.003128915662650603 8.119801726486429
0.0031413654618473895 8.380156984059582
0.003153815261044177 8.63559448184169
0.0031662650602409643 8.8812791024956
0.003178714859437751 9.112375728684167
0.0031911646586345386 9.324049243070249
0.003203614457831325 9.51152004106348
0.003216064257028113 9.674660014129696
0.0032285140562249 9.821434568539487
0.003240963855421687 9.960619946952768
0.0032534136546184737 10.100992392029468
0.003265863453815261 10.2513281464295
0.003278313253012049 10.420403452812796
0.0032907630522088353 10.61699455383928
0.003303212851405622 10.849827323783583
0.00331566265060241 11.12199355919758
0.003328112449799197 11.425882168261698
0.003340562248995984 11.7526851213754
0.0033530120481927712 12.093594388938154
0.003365461847389558 12.439801941349437
0.003377911646586346 12.782499749008707
0.003390361445783133 13.112879782315428
0.00340281124497992 13.422156079853202
0.003415261044176707 13.704984802220327
0.0034277108433734935 13.96316879172106
0.0034401606425702807 14.199400309252809
0.003452610441767068 14.41637161571294
0.003465060240963855 14.61677497199884
0.003477510040160643 14.803302639007871
0.00348995983935743 14.978646877637441
0.003502409638554217 15.14550173879384
0.003514859437751004 15.306973878725781
0.0035273092369477906 15.467107354833171
0.003539759036144579 15.63007571011461
0.003552208835341366 15.800052487568738
0.003564658634538153 15.981211230194148
0.0035771084337349397 16.17772548098948
0.0035895582329317274 16.393768782953327
0.003602008032128514 16.63350957915597
0.003614457831325301 16.89923317431229
0.0036269076305220885 17.18853746776196
0.0036393574297188757 17.498303268114608
0.0036518072289156633 17.82541138397993
0.003664257028112449 18.166742623967533
0.003676706827309237 18.5191777966871
0.0036891566265060244 18.87959771074829
0.0037016064257028116 19.244882457023845
0.0037140562248995975 19.611434169671405
0.003726506024096385 19.974349823119404
0.0037389558232931728 20.32850565404967
0.00375140562248996 20.66877789914404
0.0037638554216867467 20.990042795084282
0.0037763052208835335 21.287176578552238
0.003788755020080322 21.55505548622973
0.0038012048192771096 21.788558100083748
0.003813654618473896 21.98596766127483
0.0038261044176706826 22.155779911882988
0.0038385542168674694 22.30839739770841
0.003851004016064257 22.45422266455132
0.0038634538152610438 22.6036582582119
0.0038759036144578314 22.76710672449034
0.0038883534136546186 22.954970609186848
0.003900803212851406 23.17765172272021
0.003913253012048193 23.442251391762692
0.0039257028112449814 23.74498325333686
0.003938152610441767 24.079819042276416
0.003950602409638555 24.440730493415018
0.00396305220883534 24.82168934158634
0.003975502008032129 25.216667321624037
0.003987951807228916 25.61963616836177
0.004000401606425703 26.02456761663322
0.00401285140562249 26.42543340127206
0.004025301204819277 26.816205257111932
0.004037751004016064 27.190854918986506
0.0040502008032128525 27.54335412172948
0.004062650602409639 27.86767460017451
0.004075100401606426 28.157788089155222
0.004087550200803213 28.407666323505342
0.0041 28.611281038058486
