0.0 1111.3453283849171
0.0003112449799196787 1082.5973623426578
0.0006224899598393576 1053.4480046986125
0.0009337349397590361 1023.9781038033098
0.001244979919678715 994.2685080072758
0.001556224899598394 964.4000656610385
0.001867469879518072 934.4536251151269
0.002178714859437751 904.5100347200678
0.00248995983935743 874.6501428263891
0.002801204819277109 844.954797784619
0.003112449799196788 815.5048479452846
0.0034236947791164655 786.3811416589136
0.003734939759036145 757.6645272760351
0.004046184738955822 729.4358531471752
0.004357429718875502 701.7759676228626
0.004668674698795181 674.7657190536254
0.0049799196787148605 648.4859557899902
0.005291164658634539 622.999356436807
0.005602409638554217 598.2803591070162
0.005913654618473896 574.2766527758899
0.006224899598393575 550.9359204587207
0.006536144578313253 528.2058451707994
0.006847389558232932 506.03410992741817
0.00715863453815261 484.36839774386874
0.00746987951807229 463.15639163544313
0.007781124497991968 442.35462851022055
0.008092369477911645 421.967065148228
0.008403614457831325 402.0134672390069
0.008714859437751004 382.5136113620018
0.009026104417670681 363.4872740966565
0.00933734939759036 344.9542320224149
0.00964859437751004 326.93426171872017
0.009959839357429721 309.4471397650163
0.0102710843373494 292.50958390792164
0.01058232931726908 276.1202258825621
0.01089357429718876 260.27107422657315
0.011204819277108428 244.95412753168375
0.01151606425702811 230.16138438962184
0.011827309236947792 215.8848433921159
0.01213855421686747 202.11650313089427
0.01244979919678715 188.84836219768545
0.01276104417670683 176.072878406656
0.013072289156626508 163.78551137025983
0.01338353413654618 151.98292665627952
0.01369477911646586 140.66179309847462
0.01400602409638554 129.81877953060427
0.01431726907630522 119.45055478642809
0.0146285140562249 109.55378769970503
0.01493975903614458 100.12514710419461
0.01525100401606426 91.16108282703667
0.01556224899598394 82.6564592135939
0.01587349397590361 74.60544274551202
0.01618473895582329 67.0021968768894
0.01649598393574297 59.840885061824224
0.01680722891566265 53.11567075441479
0.01711847389558233 46.82071740875955
0.01742971887550201 40.950188478956676
0.01774096385542169 35.49826822944371
0.01805220883534137 30.459308140489696
0.01836345381526104 25.82774023006243
0.01867469879518072 21.597997032473927
0.0189859437751004 17.76451108203642
0.01929718875502008 14.321714913061925
0.01960843373493976 11.26404105986262
0.019919678714859442 8.585922056750633
0.020230923694779118 6.281791827124408
0.0205421686746988 4.346096715441348
0.020853413654618482 2.7732896046939857
0.021164658634538154 1.5578234363292722
0.02147590361445783 0.694151151794216
0.02178714859437751 0.17672569253551274
0.02209839357429719 0.0
0.02240963855421687 0.15842701563462924
0.02272088353413655 0.6464823170515217
0.02303212851405623 1.4588674289743153
0.02334337349397591 2.590413732205718
0.02365461847389558 4.035954157300722
0.02396586345381526 5.790321634814205
0.02427710843373494 7.848349095301501
0.024588353413654618 10.204869469317629
0.0248995983935743 12.85471568741741
0.025210843373493975 15.792743776525725
0.025522088353413647 19.014068045873103
0.02583333333333333 22.51396471370819
0.02614457831325301 26.287712492218674
0.026455823293172687 30.330590093592548
0.02676706827309237 34.63787623001721
0.02707831325301205 39.20484961368069
0.027389558232931727 44.026788956770645
0.02770080321285141 49.09899531534364
0.02801204819277109 54.4170508620503
0.028323293172690764 59.97672982626631
0.02863453815261044 65.77381015482862
0.028945783132530118 71.80406979457427
0.0292570281124498 78.06328669233997
0.029568273092369483 84.547238794963
0.02987951807228916 91.25170404928
0.030190763052208837 98.17247935326662
0.03050200803212852 105.3056311702714
0.030813253012048195 112.6474265406822
0.031124497991967873 120.19413727928065
0.03143574297188755 127.9420352008483
0.03174698795180723 135.88739212016662
0.03205823293172691 144.02647985201708
0.03236947791164659 152.35557021118177
0.03268072289156627 160.87095019046603
0.03299196787148594 169.56915225702448
0.03330321285140563 178.44690770179858
0.0336144578313253 187.50095353351378
0.03392570281124498 196.72802676089583
0.03423694779116466 206.1248643926706
0.03454819277108434 215.68820343756323
0.03485943775100402 225.41478090430013
0.03517068273092369 235.30134538374324
0.03548192771084337 245.34485985297943
0.03579317269076306 255.542476236109
0.036104417670682724 265.8913529260674
0.03641566265060241 276.3886483157898
0.03672690763052209 287.031520798211
0.03703815261044177 297.8171287662662
0.03734939759036145 308.74263061289037
0.03766064257028112 319.8051932728331
0.0379718875502008 331.0021660264652
0.03828313253012049 342.33107298606984
0.03859437751004016 353.7894453021681
0.03890562248995984 365.37481412528086
0.03921686746987952 377.0847106059289
0.0395281124497992 388.916665894634
0.039839357429718884 400.86821114191673
0.04015060240963855 412.9368836270893
0.040461847389558235 425.12037287045166
0.04077309236947791 437.4165271761166
0.04108433734939759 449.8232022862792
0.041395582329317275 462.338253943135
0.04170682730923695 474.959537888879
0.04201807228915663 487.6849098657069
0.042329317269076315 500.5122256158136
0.04264056224899598 513.439345181102
0.04295180722891567 526.4642541928494
0.04326305220883534 539.5850807806526
0.04357429718875502 552.7999607725272
0.04388554216867469 566.1070299964894
0.04419678714859438 579.5044242805536
0.04450803212851406 592.9902794527376
0.04481927710843374 606.5627313410563
0.04513052208835341 620.2199187309644
0.0454417670682731 633.9600832465748
0.04575301204819277 647.7815934799703
0.04606425702811245 661.682825873841
0.04637550200803212 675.6621568708788
0.046686746987951805 689.7179629137737
0.04699799196787149 703.8486204452166
0.04730923694779117 718.052505907898
0.04762048192771084 732.3279977411345
0.04793172690763053 746.6735582644619
0.0482429718875502 761.0877625281798
0.04855421686746988 775.5691935078503
0.04886546184738956 790.116434179036
0.049176706827309236 804.7280675172987
0.04948795180722892 819.4026764982005
0.0497991967871486 834.138844097304
0.05011044176706828 848.9351546126387
0.05042168674698795 863.7902606654128
0.05073293172690763 878.7029148825998
0.05104417670682731 893.6718778398858
0.05135542168674699 908.6959101129585
0.05166666666666667 923.7737722775059
0.05197791164658634 938.9042249092138
0.05228915662650602 954.0860285837698
0.05260040160642571 969.3179447344858
0.052911646586345375 984.5987904724145
0.05322289156626506 999.9274717274848
0.05353413654618474 1015.3029023720708
0.05384538152610442 1030.7239962785438
0.0541566265060241 1046.1896673192798
0.05446787148594377 1061.6988293666539
0.05477911646586345 1077.2503962930368
0.05509036144578314 1092.8432825132259
0.055401606425702805 1108.4764478922139
0.05571285140562249 1124.1489313774798
0.05602409638554217 1139.8597798392625
0.05633534136546185 1155.608040147799
0.05664658634538153 1171.3927591733268
0.05695783132530121 1187.212983786084
0.057269076305220885 1203.0677608563071
0.05758032128514056 1218.9561375867677
0.057891566265060236 1234.8771983766346
0.058202811244979925 1250.8300982859548
0.0585140562248996 1266.814000277001
0.058825301204819276 1282.8280673120491
0.059136546184738965 1298.8714623533751
0.05944779116465864 1314.943348363253
0.05975903614457832 1331.0428883039585
0.060070281124497985 1347.1692453334306
0.060381526104417674 1363.3216131286108
0.06069277108433735 1379.4992487313089
0.06100401606425704 1395.7014170692146
0.061315261044176714 1411.927383070021
0.06162650602409639 1428.1764116614165
0.06193775100401605 1444.4477677710945
0.06224899598393575 1460.7407163267449
0.06256024096385544 1477.054522365131
0.0628714859437751 1493.3884760648311
0.0631827309236948 1509.7419247242958
0.06349397590361446 1526.1142235320897
0.06380522088353414 1542.5047276767757
0.06411646586345382 1558.912792346919
0.0644277108433735 1575.337772731084
0.06473895582329316 1591.7790240178329
0.06505020080321286 1608.2359014516699
0.06536144578313254 1624.7077809320217
0.06567269076305221 1641.1940897714328
0.06598393574297189 1657.6942631477516
0.06629518072289158 1674.2077362388286
0.06660642570281125 1690.7339442225098
0.06691767068273093 1707.2723222766467
0.0672289156626506 1723.8223055790859
0.06754016064257029 1740.3833293337639
0.06785140562248997 1756.9548461161978
0.06816265060240964 1773.5363559386133
0.06847389558232933 1790.1273668360607
0.068785140562249 1806.7273868435911
0.06909638554216868 1823.3359239962538
0.06940763052208836 1839.9524863291015
0.06971887550200803 1856.5765818771847
0.0700301204819277 1873.2077186847416
0.0703413654618474 1889.8454181345558
0.07065261044176707 1906.4892416192547
0.07096385542168675 1923.138758001814
0.07127510040160641 1939.7935361452046
0.07158634538152611 1956.4531449124047
0.07189759036144579 1973.1171531663877
0.07220883534136545 1989.7851297701277
0.07252008032128515 2006.4566435898446
0.07283132530120481 2023.1312780573357
0.0731425702811245 2039.8086646535653
0.07345381526104419 2056.488444753377
0.07376506024096385 2073.1702597316194
0.07407630522088354 2089.8537509631324
0.07438755020080323 2106.538559822771
0.0746987951807229 2123.224327685373
0.07501004016064257 2139.910695925789
0.07532128514056227 2156.597305918862
0.07563253012048193 2173.28379903944
0.07594377510040161 2189.9698166623666
0.07625502008032127 2206.6550001624905
0.07656626506024097 2223.338990914656
0.07687751004016065 2240.021430293709
0.07718875502008032 2256.701959674496
0.0775 2273.380220431861
