0.3 0.00058445456650702
0.3015562248995984 0.000584458204400562
0.3031124497991968 0.0005844603934122006
0.3046686746987952 0.0005844613395140641
0.3062248995983936 0.0005844612488203893
0.3077811244979919 0.0005844603272180393
0.3093373493975903 0.0005844587808212509
0.3108935742971887 0.0005844568157158392
0.3124497991967871 0.0005844546379876192
0.3140060240963855 0.0005844524535234541
0.315562248995984 0.0005844504685228458
0.3171184738955823 0.000584448888901079
0.3186746987951807 0.0005844479208008124
0.3202309236947791 0.0005844477702225959
0.3217871485943775 0.0005844486432238227
0.3233433734939759 0.0005844507458334647
0.3248995983935743 0.00058445428402365
0.3264558232931727 0.000584459295311035
0.3280120481927711 0.0005844649976722849
0.3295682730923695 0.0005844703612183366
0.3311244979919679 0.0005844743555485366
0.33268072289156614 0.0005844759504043395
0.33423694779116453 0.0005844741157261524
0.335793172690763 0.0005844678211417431
0.3373493975903615 0.0005844560365062534
0.3389056224899598 0.0005844383389899122
0.3404618473895582 0.0005844175582296884
0.34201807228915654 0.0005843976082076097
0.34357429718875493 0.000584382403900463
0.3451305220883534 0.0005843758600008186
0.3466867469879519 0.0005843818913149335
0.3482429718875502 0.0005844044126774861
0.3497991967871486 0.0005844473389231553
0.35135542168674694 0.0005845125429004838
0.35291164658634533 0.0005845898236316316
0.3544678714859438 0.0005846645586302657
0.3560240963855423 0.0005847221191004337
0.3575803212851406 0.0005847478758198577
0.3591365461847389 0.00058472719990732
0.3606927710843373 0.0005846454622258079
0.3622489959839357 0.0005844880338088387
0.3638052208835341 0.0005842470930019772
0.3653614457831325 0.0005839593160033019
0.3669176706827309 0.0005836792556408454
0.3684738955823293 0.00058346151311639
0.3700301204819277 0.0005833606898306698
0.3715863453815261 0.0005834313869854668
0.3731425702811245 0.0005837282059815152
0.3746987951807229 0.0005843057479921754
0.3762550200803213 0.0005851960284246616
0.3778112449799197 0.0005862675534160644
0.3793674698795181 0.0005873168589971556
0.3809236947791165 0.0005881401690999155
0.3824799196787149 0.0005885337076279029
0.3840361445783133 0.0005882936983141462
0.3855923694779116 0.0005872163652043128
0.38714859437751 0.000585097932116696
0.3887048192771084 0.0005818091991045549
0.3902610441767068 0.0005778202032047375
0.3918172690763052 0.0005738895970068825
0.3933734939759036 0.0005707778838086597
0.394929718875502 0.000569245566907739
0.3964859437751004 0.0005700531494028382
0.3980421686746988 0.0005739611343926754
0.3995983935742972 0.0005817300253170288
0.4011546184738956 0.0005938753639043171
0.40271084337349383 0.0006087222736255171
0.4042670682730922 0.0006234428259972447
0.4058232931726907 0.0006351987845221174
0.4073795180722891 0.0006411519122764275
0.4089357429718875 0.0006384639728196362
0.4104919678714859 0.0006242967293133006
0.41204819277108423 0.0005958119450042432
0.4136044176706826 0.0005506071499041809
0.4151606425702811 0.0004906295574187425
0.4167168674698795 0.0004203262269015795
0.4182730923694779 0.00034417405180420246
0.4198293172690763 0.0002666499255212784
0.42138554216867463 0.00019223074127694417
0.422941767068273 0.00012539339292061413
0.4244979919678715 7.061477339220801e-05
0.4260542168674699 3.199277250587329e-05
0.4276104417670683 9.386952001477766e-06
0.42916666666666653 0.0
0.43072289156626503 9.936797198406566e-07
0.4322791164658635 9.529754521508949e-06
0.4338353413654619 2.276998762340554e-05
0.4353915662650603 3.787614227235281e-05
0.43694779116465854 5.200998211307706e-05
0.43850401606425693 6.249433621974276e-05
0.4400602409638554 6.867846698810354e-05
0.44161646586345377 7.129608027867107e-05
0.44317269076305216 7.110767927542838e-05
0.44472891566265055 6.887376741815388e-05
0.44628514056224894 6.535484763503518e-05
0.44784136546184733 6.13114233090073e-05
0.4493975903614458 5.750399762405323e-05
0.4509538152610442 5.465607162591368e-05
0.4525100401606426 5.296481882055559e-05
0.4540662650602409 5.2235784806953234e-05
0.4556224899598393 5.2265193630773865e-05
0.4571787148594377 5.284926871240714e-05
0.4587349397590361 5.378423412594202e-05
0.4602911646586345 5.486631363282868e-05
0.4618473895582329 5.589173071030018e-05
0.4634036144578313 5.666513962410136e-05
0.4649598393574297 5.712753551279093e-05
0.4665160642570281 5.733034427635175e-05
0.4680722891566265 5.7328167628156734e-05
0.4696285140562249 5.717560711104852e-05
0.4711847389558232 5.692726463735198e-05
0.4727409638554216 5.663774163622293e-05
0.47429718875502 5.636163982103426e-05
0.4758534136546184 5.615165810013423e-05
0.4774096385542169 5.602527221526543e-05
0.4789658634538153 5.596891440973195e-05
0.4805220883534136 5.5967954239122264e-05
0.482078313253012 5.600776123060314e-05
0.4836345381526104 5.60737047976545e-05
0.4851907630522088 5.6151154723238506e-05
0.4867469879518072 5.6225480278726536e-05
0.4883032128514056 5.6282476350588695e-05
0.489859437751004 5.6317011797091254e-05
0.4914156626506024 5.633265695337286e-05
0.4929718875502008 5.6333331912128415e-05
0.4945281124497992 5.632295682289623e-05
0.4960843373493976 5.630545200574488e-05
0.497640562248996 5.62847376386344e-05
0.4991967871485944 5.626473392794651e-05
0.5007530120481928 5.624926731684354e-05
0.5023092369477912 5.623983281566325e-05
0.5038654618473896 5.6235493815393056e-05
0.505421686746988 5.6235199906495836e-05
0.5069779116465865 5.623790082154301e-05
0.5085341365461847 5.6242546008888894e-05
0.5100903614457831 5.624808500215295e-05
0.5116465863453815 5.625346750548488e-05
0.5132028112449799 5.6257663516134926e-05
0.5147590361445783 5.6260240228311886e-05
0.5163152610441767 5.626144252346421e-05
0.5178714859437751 5.626155180493697e-05
0.5194277108433735 5.6260849618183784e-05
0.5209839357429719 5.625961742339314e-05
0.5225401606425703 5.625813648180156e-05
0.5240963855421686 5.6256688509392916e-05
0.525652610441767 5.625555050414732e-05
0.5272088353413654 5.625484695315208e-05
0.5287650602409638 5.625451410651294e-05
0.5303212851405622 5.6254476504591366e-05
0.5318775100401606 5.625465880143565e-05
0.533433734939759 5.625498562267239e-05
0.5349899598393574 5.625538139497621e-05
0.5365461847389558 5.6255770914503955e-05
0.5381024096385543 5.625607940373811e-05
0.5396586345381527 5.625627150607215e-05
0.541214859437751 5.625636362083242e-05
0.5427710843373494 5.625637589901089e-05
0.5443273092369478 5.625632863370811e-05
0.5458835341365462 5.6256242004337764e-05
0.5474397590361446 5.6256136218735264e-05
0.548995983935743 5.625603151315772e-05
0.5505522088353414 5.6255947953332e-05
0.5521084337349398 5.625589540159126e-05
0.5536646586345382 5.625587002100474e-05
0.5552208835341366 5.625586609880884e-05
0.556777108433735 5.62558783485656e-05
0.5583333333333333 5.625590131330682e-05
0.5598895582329317 5.625592950764258e-05
0.5614457831325301 5.625595770197833e-05
0.5630020080321285 5.625598035408075e-05
0.5645582329317269 5.62559946786223e-05
0.5661144578313253 5.625600169878453e-05
0.5676706827309237 5.6256002920918036e-05
0.5692269076305221 5.625599973768658e-05
0.5707831325301205 5.625599362701905e-05
0.5723393574297189 5.625598612368776e-05
0.5738955823293173 5.6255978506669635e-05
0.5754518072289156 5.625597242442382e-05
0.5770080321285141 5.6255968502227915e-05
0.5785642570281124 5.625596662639509e-05
0.5801204819277108 5.625596622849116e-05
0.5816767068273092 5.6255966995877316e-05
0.5832329317269076 5.625596861591475e-05
0.584789156626506 5.625597063385612e-05
0.5863453815261044 5.625597270864091e-05
0.5879016064257028 5.625597427183493e-05
0.5894578313253012 5.625597540870331e-05
0.5910140562248996 5.6255975948715786e-05
0.5925702811244979 5.6255976005559205e-05
0.5941265060240963 5.625597580660724e-05
0.5956827309236947 5.625597540870331e-05
0.5972389558232931 5.625597492553425e-05
0.5987951807228915 5.625597427183493e-05
0.6003514056224899 5.625597390235271e-05
0.6019076305220882 5.625597364655732e-05
0.6034638554216866 5.625597341918365e-05
0.605020080321285 5.625597341918365e-05
0.6065763052208833 5.625597341918365e-05
0.6081325301204819 5.6255973504448775e-05
0.6096887550200802 5.625597370340074e-05
0.6112449799196786 5.625597381708758e-05
0.612801204819277 5.6255973987617836e-05
0.6143574297188754 5.625597410130467e-05
0.6159136546184738 5.625597410130467e-05
0.6174698795180722 5.625597410130467e-05
0.6190261044176706 5.625597410130467e-05
0.620582329317269 5.625597410130467e-05
0.6221385542168674 5.6255973987617836e-05
0.6236947791164658 5.6255973987617836e-05
0.6252510040160641 5.625597390235271e-05
0.6268072289156627 5.625597390235271e-05
0.628363453815261 5.625597390235271e-05
0.6299196787148594 5.625597390235271e-05
0.6314759036144578 5.625597390235271e-05
0.6330321285140562 5.625597390235271e-05
0.6345883534136546 5.625597390235271e-05
0.636144578313253 5.625597390235271e-05
0.6377008032128514 5.625597390235271e-05
0.6392570281124498 5.625597390235271e-05
0.6408132530120482 5.625597390235271e-05
0.6423694779116466 5.625597390235271e-05
0.643925702811245 5.625597390235271e-05
0.6454819277108435 5.625597390235271e-05
0.6470381526104417 5.625597390235271e-05
0.6485943775100401 5.625597390235271e-05
0.6501506024096385 5.625597390235271e-05
0.6517068273092369 5.625597390235271e-05
0.6532630522088354 5.625597390235271e-05
0.6548192771084338 5.625597390235271e-05
0.6563755020080322 5.625597390235271e-05
0.6579317269076306 5.625597390235271e-05
0.659487951807229 5.625597390235271e-05
0.6610441767068274 5.625597390235271e-05
0.6626004016064257 5.625597390235271e-05
0.6641566265060243 5.625597390235271e-05
0.6657128514056225 5.625597390235271e-05
0.6672690763052209 5.625597390235271e-05
0.6688253012048193 5.625597390235271e-05
0.6703815261044177 5.625597390235271e-05
0.6719377510040161 5.625597390235271e-05
0.6734939759036145 5.625597390235271e-05
0.6750502008032129 5.625597390235271e-05
0.6766064257028113 5.625597390235271e-05
0.6781626506024097 5.625597390235271e-05
0.679718875502008 5.625597390235271e-05
0.6812751004016064 5.625597390235271e-05
0.6828313253012048 5.625597390235271e-05
0.6843875502008032 5.625597390235271e-05
0.6859437751004016 5.625597390235271e-05
0.6875 5.625597390235271e-05
