   2.1029999999999998E-003
   2.1059999999999998E-003
   2.1089999999999998E-003
   2.1119999999999997E-003
   2.1149999999999997E-003
   2.1179999999999997E-003
   2.1210000000000001E-003
   2.1240000000000000E-003
   2.1270000000000000E-003
   2.1299999999999999E-003
   2.1329999999999999E-003
   2.1359999999999999E-003
   2.1389999999999998E-003
   2.1419999999999998E-003
   2.1449999999999998E-003
   2.1479999999999997E-003
   2.1509999999999997E-003
   2.1539999999999997E-003
   2.1570000000000001E-003
   2.1600000000000000E-003
   2.1630000000000000E-003
   2.1660000000000000E-003
   2.1689999999999999E-003
   2.1719999999999999E-003
   2.1749999999999999E-003
   2.1779999999999998E-003
   2.1809999999999998E-003
   2.1839999999999997E-003
   2.1869999999999997E-003
   2.1899999999999997E-003
   2.1930000000000001E-003
   2.1960000000000000E-003
   2.1990000000000000E-003
   2.2020000000000000E-003
   2.2049999999999999E-003
   2.2079999999999999E-003
   2.2109999999999999E-003
   2.2139999999999998E-003
   2.2169999999999998E-003
   2.2199999999999998E-003
   2.2229999999999997E-003
   2.2259999999999997E-003
   2.2290000000000001E-003
   2.2320000000000000E-003
   2.2350000000000000E-003
   2.2380000000000000E-003
   2.2409999999999999E-003
   2.2439999999999999E-003
   2.2469999999999999E-003
   2.2499999999999998E-003
   2.2529999999999998E-003
   2.2559999999999998E-003
   2.2589999999999997E-003
   2.2619999999999997E-003
   2.2649999999999997E-003
   2.2680000000000001E-003
   2.2710000000000000E-003
   2.2740000000000000E-003
   2.2769999999999999E-003
   2.2799999999999999E-003
   2.2829999999999999E-003
   2.2859999999999998E-003
   2.2889999999999998E-003
   2.2919999999999998E-003
   2.2949999999999997E-003
   2.2979999999999997E-003
   2.3010000000000001E-003
   2.3040000000000001E-003
   2.3070000000000000E-003
   2.3100000000000000E-003
   2.3130000000000000E-003
   2.3159999999999999E-003
   2.3189999999999999E-003
   2.3219999999999998E-003
   2.3249999999999998E-003
   2.3279999999999998E-003
   2.3309999999999997E-003
   2.3339999999999997E-003
   2.3369999999999997E-003
   2.3400000000000001E-003
   2.3430000000000000E-003
   2.3460000000000000E-003
   2.3490000000000000E-003
   2.3519999999999999E-003
   2.3549999999999999E-003
   2.3579999999999999E-003
   2.3609999999999998E-003
   2.3639999999999998E-003
   2.3669999999999997E-003
   2.3699999999999997E-003
   2.3730000000000001E-003
   2.3759999999999996E-003
   2.3790000000000000E-003
   2.3820000000000000E-003
   2.3850000000000000E-003
   2.3879999999999999E-003
   2.3909999999999999E-003
   2.3939999999999999E-003
   2.3969999999999998E-003
   2.3999999999999998E-003
   2.4029999999999998E-003
   2.4059999999999997E-003
   2.4089999999999997E-003
   2.4120000000000001E-003
   2.4150000000000000E-003
   2.4180000000000000E-003
   2.4210000000000000E-003
   2.4239999999999999E-003
   2.4269999999999999E-003
   2.4299999999999999E-003
   2.4329999999999998E-003
   2.4359999999999998E-003
   2.4389999999999998E-003
   2.4419999999999997E-003
   2.4449999999999997E-003
   2.4479999999999997E-003
   2.4510000000000001E-003
   2.4540000000000000E-003
   2.4570000000000000E-003
   2.4599999999999999E-003
   2.4629999999999999E-003
   2.4659999999999999E-003
   2.4689999999999998E-003
   2.4719999999999998E-003
   2.4749999999999998E-003
   2.4779999999999997E-003
   2.4809999999999997E-003
   2.4840000000000001E-003
   2.4870000000000001E-003
   2.4900000000000000E-003
   2.4930000000000000E-003
   2.4960000000000000E-003
   2.4989999999999999E-003
   2.5019999999999999E-003
   2.5049999999999998E-003
   2.5079999999999998E-003
   2.5109999999999998E-003
   2.5139999999999997E-003
   2.5169999999999997E-003
   2.5199999999999997E-003
   2.5230000000000001E-003
   2.5260000000000000E-003
   2.5290000000000000E-003
   2.5320000000000000E-003
   2.5349999999999999E-003
   2.5379999999999999E-003
   2.5409999999999999E-003
   2.5439999999999998E-003
   2.5469999999999998E-003
   2.5499999999999997E-003
   2.5529999999999997E-003
   2.5560000000000001E-003
   2.5589999999999996E-003
   2.5620000000000000E-003
   2.5650000000000000E-003
   2.5680000000000000E-003
   2.5709999999999999E-003
   2.5739999999999999E-003
   2.5769999999999999E-003
   2.5799999999999998E-003
   2.5829999999999998E-003
   2.5859999999999998E-003
   2.5889999999999997E-003
   2.5919999999999997E-003
   2.5950000000000001E-003
   2.5979999999999996E-003
   2.6010000000000000E-003
   2.6040000000000000E-003
   2.6069999999999999E-003
   2.6099999999999999E-003
   2.6129999999999999E-003
   2.6159999999999998E-003
   2.6189999999999998E-003
   2.6219999999999998E-003
   2.6249999999999997E-003
   2.6280000000000001E-003
   2.6309999999999997E-003
   2.6340000000000001E-003
   2.6370000000000000E-003
   2.6400000000000000E-003
   2.6430000000000000E-003
   2.6459999999999999E-003
   2.6489999999999999E-003
   2.6519999999999998E-003
   2.6549999999999998E-003
   2.6579999999999998E-003
   2.6609999999999997E-003
   2.6639999999999997E-003
   2.6670000000000001E-003
   2.6699999999999996E-003
   2.6730000000000000E-003
   2.6760000000000000E-003
   2.6790000000000000E-003
   2.6819999999999999E-003
   2.6849999999999999E-003
   2.6879999999999999E-003
   2.6909999999999998E-003
   2.6939999999999998E-003
   2.6969999999999997E-003
   2.7000000000000001E-003
   2.7029999999999997E-003
   2.7060000000000001E-003
   2.7090000000000000E-003
   2.7120000000000000E-003
   2.7150000000000000E-003
   2.7179999999999999E-003
   2.7209999999999999E-003
   2.7239999999999999E-003
   2.7269999999999998E-003
   2.7299999999999998E-003
   2.7329999999999998E-003
   2.7359999999999997E-003
   2.7390000000000001E-003
   2.7419999999999996E-003
   2.7450000000000000E-003
   2.7480000000000000E-003
   2.7510000000000000E-003
   2.7539999999999999E-003
   2.7569999999999999E-003
   2.7599999999999999E-003
   2.7629999999999998E-003
   2.7659999999999998E-003
   2.7689999999999998E-003
   2.7720000000000002E-003
   2.7749999999999997E-003
   2.7780000000000001E-003
   2.7809999999999996E-003
   2.7840000000000000E-003
   2.7870000000000000E-003
   2.7899999999999999E-003
   2.7929999999999999E-003
   2.7959999999999999E-003
   2.7989999999999998E-003
   2.8019999999999998E-003
   2.8049999999999998E-003
   2.8079999999999997E-003
   2.8110000000000001E-003
   2.8139999999999997E-003
   2.8170000000000001E-003
   2.8200000000000000E-003
   2.8230000000000000E-003
   2.8260000000000000E-003
   2.8289999999999999E-003
   2.8319999999999999E-003
   2.8349999999999998E-003
   2.8379999999999998E-003
   2.8409999999999998E-003
   2.8439999999999997E-003
   2.8469999999999997E-003
   2.8500000000000001E-003
   2.8529999999999996E-003
   2.8560000000000000E-003
   2.8590000000000000E-003
   2.8620000000000000E-003
   2.8649999999999999E-003
   2.8679999999999999E-003
   2.8709999999999999E-003
   2.8739999999999998E-003
   2.8769999999999998E-003
   2.8799999999999997E-003
   2.8830000000000001E-003
   2.8859999999999997E-003
   2.8890000000000001E-003
   2.8920000000000000E-003
   2.8950000000000000E-003
   2.8980000000000000E-003
   2.9009999999999999E-003
   2.9039999999999999E-003
   2.9069999999999999E-003
   2.9099999999999998E-003
   2.9129999999999998E-003
   2.9159999999999998E-003
   2.9189999999999997E-003
   2.9220000000000001E-003
   2.9249999999999996E-003
   2.9280000000000000E-003
   2.9310000000000000E-003
   2.9340000000000000E-003
   2.9369999999999999E-003
   2.9399999999999999E-003
   2.9429999999999999E-003
   2.9459999999999998E-003
   2.9489999999999998E-003
   2.9519999999999998E-003
   2.9550000000000002E-003
   2.9579999999999997E-003
   2.9610000000000001E-003
   2.9639999999999996E-003
   2.9670000000000000E-003
   2.9700000000000000E-003
   2.9729999999999999E-003
   2.9759999999999999E-003
   2.9789999999999999E-003
   2.9819999999999998E-003
   2.9849999999999998E-003
   2.9879999999999998E-003
   2.9909999999999997E-003
   2.9940000000000001E-003
   2.9969999999999997E-003
   3.0000000000000001E-003
   3.0030000000000000E-003
   3.0060000000000000E-003
   3.0090000000000000E-003
   3.0119999999999999E-003
   3.0149999999999999E-003
   3.0179999999999998E-003
   3.0209999999999998E-003
   3.0239999999999998E-003
   3.0269999999999997E-003
   3.0299999999999997E-003
   3.0330000000000001E-003
   3.0359999999999996E-003
   3.0390000000000000E-003
   3.0420000000000000E-003
   3.0450000000000000E-003
   3.0479999999999999E-003
   3.0509999999999999E-003
   3.0539999999999999E-003
   3.0569999999999998E-003
   3.0599999999999998E-003
   3.0629999999999998E-003
   3.0660000000000001E-003
   3.0689999999999997E-003
   3.0720000000000001E-003
   3.0750000000000000E-003
   3.0780000000000000E-003
   3.0810000000000000E-003
   3.0839999999999999E-003
   3.0869999999999999E-003
   3.0899999999999999E-003
   3.0929999999999998E-003
   3.0959999999999998E-003
   3.0990000000000002E-003
   3.1019999999999997E-003
   3.1050000000000001E-003
   3.1079999999999997E-003
   3.1110000000000001E-003
   3.1139999999999996E-003
   3.1170000000000000E-003
   3.1199999999999999E-003
   3.1229999999999999E-003
   3.1259999999999999E-003
   3.1289999999999998E-003
   3.1319999999999998E-003
   3.1349999999999998E-003
   3.1380000000000002E-003
   3.1409999999999997E-003
   3.1440000000000001E-003
   3.1469999999999996E-003
   3.1500000000000000E-003
   3.1530000000000000E-003
   3.1560000000000000E-003
   3.1589999999999999E-003
   3.1619999999999999E-003
   3.1649999999999998E-003
   3.1679999999999998E-003
   3.1710000000000002E-003
   3.1739999999999997E-003
   3.1770000000000001E-003
   3.1799999999999997E-003
   3.1830000000000001E-003
   3.1859999999999996E-003
   3.1890000000000000E-003
   3.1920000000000000E-003
   3.1949999999999999E-003
   3.1979999999999999E-003
   3.2009999999999999E-003
   3.2039999999999998E-003
   3.2069999999999998E-003
   3.2100000000000002E-003
   3.2129999999999997E-003
   3.2160000000000001E-003
   3.2189999999999996E-003
   3.2220000000000000E-003
   3.2250000000000000E-003
   3.2280000000000000E-003
   3.2309999999999999E-003
   3.2339999999999999E-003
   3.2369999999999999E-003
   3.2399999999999998E-003
   3.2430000000000002E-003
   3.2459999999999998E-003
   3.2490000000000002E-003
   3.2519999999999997E-003
   3.2550000000000001E-003
   3.2579999999999996E-003
   3.2610000000000000E-003
   3.2640000000000000E-003
   3.2669999999999999E-003
   3.2699999999999999E-003
   3.2729999999999999E-003
   3.2759999999999998E-003
   3.2789999999999998E-003
   3.2820000000000002E-003
   3.2849999999999997E-003
   3.2880000000000001E-003
   3.2909999999999997E-003
   3.2940000000000001E-003
   3.2969999999999996E-003
   3.3000000000000000E-003
