   5.5133462881248124E-002
   5.5267078048655854E-002
   5.5400845456484236E-002
   5.5534765058942150E-002
   5.5668836810186410E-002
   5.5803060664321745E-002
   5.5937436575400838E-002
   5.6071964497424250E-002
   5.6206644384340559E-002
   5.6341476190046327E-002
   5.6476459868386113E-002
   5.6611595373152433E-002
   5.6746882658085904E-002
   5.6882321676875118E-002
   5.7017912383156788E-002
   5.7153654730515681E-002
   5.7289548672484605E-002
   5.7425594162544537E-002
   5.7561791154124547E-002
   5.7698139600601876E-002
   5.7834639455301852E-002
   5.7971290671498046E-002
   5.8108093202412170E-002
   5.8245047001214169E-002
   5.8382152021022163E-002
   5.8519408214902542E-002
   5.8656815535869940E-002
   5.8794373936887245E-002
   5.8932083370865661E-002
   5.9069943790664638E-002
   5.9207955149091988E-002
   5.9346117398903817E-002
   5.9484430492804628E-002
   5.9622894383447207E-002
   5.9761509023432781E-002
   5.9900274365310986E-002
   6.0039190361579835E-002
   6.0178256964685754E-002
   6.0317474127023658E-002
   6.0456841800936890E-002
   6.0596359938717273E-002
   6.0736028492605162E-002
   6.0875847414789373E-002
   6.1015816657407254E-002
   6.1155936172544723E-002
   6.1296205912236237E-002
   6.1436625828464847E-002
   6.1577195873162176E-002
   6.1717915998208417E-002
   6.1858786155432513E-002
   6.1999806296611885E-002
   6.2140976373472774E-002
   6.2282296337689953E-002
   6.2423766140886953E-002
   6.2565385734636061E-002
   6.2707155070458140E-002
   6.2849074099822988E-002
   6.2991142774149009E-002
   6.3133361044803410E-002
   6.3275728863102260E-002
   6.3418246180310348E-002
   6.3560912947641365E-002
   6.3703729116257754E-002
   6.3846694637270857E-002
   6.3989809461740932E-002
   6.4133073540677085E-002
   6.4276486825037310E-002
   6.4420049265728571E-002
   6.4563760813606735E-002
   6.4707621419476669E-002
   6.4851631034092166E-002
   6.4995789608156024E-002
   6.5140097092320118E-002
   6.5284553437185214E-002
   6.5429158593301256E-002
   6.5573912511167148E-002
   6.5718815141230916E-002
   6.5863866433889709E-002
   6.6009066339489691E-002
   6.6154414808326220E-002
   6.6299911790643845E-002
   6.6445557236636144E-002
   6.6591351096446025E-002
   6.6737293320165467E-002
   6.6883383857835724E-002
   6.7029622659447244E-002
   6.7176009674939752E-002
   6.7322544854202276E-002
   6.7469228147073013E-002
   6.7616059503339529E-002
   6.7763038872738712E-002
   6.7910166204956782E-002
   6.8057441449629261E-002
   6.8204864556341088E-002
   6.8352435474626549E-002
   6.8500154153969414E-002
   6.8648020543802729E-002
   6.8796034593509067E-002
   6.8944196252420500E-002
   6.9092505469818460E-002
   6.9240962194933947E-002
   6.9389566376947445E-002
   6.9538317964988897E-002
   6.9687216908137922E-002
   6.9836263155423600E-002
   6.9985456655824549E-002
   7.0134797358269094E-002
   7.0284285211635114E-002
   7.0433920164750072E-002
   7.0583702166391149E-002
   7.0733631165285110E-002
   7.0883707110108510E-002
   7.1033929949487498E-002
   7.1184299631997988E-002
   7.1334816106165669E-002
   7.1485479320465825E-002
   7.1636289223323685E-002
   7.1787245763114182E-002
   7.1938348888162029E-002
   7.2089598546741851E-002
   7.2240994687077981E-002
   7.2392537257344722E-002
   7.2544226205666223E-002
   7.2696061480116467E-002
   7.2848043028719445E-002
   7.3000170799448955E-002
   7.3152444740228875E-002
   7.3304864798932973E-002
   7.3457430923384928E-002
   7.3610143061358588E-002
   7.3763001160577685E-002
   7.3916005168716006E-002
   7.4069155033397449E-002
   7.4222450702195922E-002
   7.4375892122635415E-002
   7.4529479242190111E-002
   7.4683212008284178E-002
   7.4837090368292100E-002
   7.4991114269538361E-002
   7.5145283659297749E-002
   7.5299598484795116E-002
   7.5454058693205650E-002
   7.5608664231654701E-002
   7.5763415047217952E-002
   7.5918311086921195E-002
   7.6073352297740718E-002
   7.6228538626602949E-002
   7.6383870020384659E-002
   7.6539346425913091E-002
   7.6694967789965679E-002
   7.6850734059270370E-002
   7.7006645180505373E-002
   7.7162701100299450E-002
   7.7318901765231735E-002
   7.7475247121831764E-002
   7.7631737116579655E-002
   7.7788371695905884E-002
   7.7945150806191507E-002
   7.8102074393768137E-002
   7.8259142404917853E-002
   7.8416354785873318E-002
   7.8573711482817804E-002
   7.8731212441885121E-002
   7.8888857609159854E-002
   7.9046646930676950E-002
   7.9204580352422296E-002
   7.9362657820332264E-002
   7.9520879280293916E-002
   7.9679244678145189E-002
   7.9837753959674601E-002
   7.9996407070621361E-002
   8.0155203956675664E-002
   8.0314144563478254E-002
   8.0473228836620878E-002
   8.0632456721645915E-002
   8.0791828164046731E-002
   8.0951343109267465E-002
   8.1111001502703145E-002
   8.1270803289699781E-002
   8.1430748415554144E-002
   8.1590836825514032E-002
   8.1751068464778212E-002
   8.1911443278496393E-002
   8.2071961211769184E-002
   8.2232622209648401E-002
   8.2393426217136717E-002
   8.2554373179187887E-002
   8.2715463040706788E-002
   8.2876695746549295E-002
   8.3038071241522446E-002
   8.3199589470384375E-002
   8.3361250377844406E-002
   8.3523053908562961E-002
   8.3685000007151594E-002
   8.3847088618173235E-002
   8.4009319686141795E-002
   8.4171693155522573E-002
   8.4334208970732127E-002
   8.4496867076138182E-002
   8.4659667416059889E-002
   8.4822609934767590E-002
   8.4985694576483001E-002
   8.5148921285379209E-002
   8.5312290005580618E-002
   8.5475800681163130E-002
   8.5639453256153922E-002
   8.5803247674531596E-002
   8.5967183880226353E-002
   8.6131261817119706E-002
   8.6295481429044640E-002
   8.6459842659785818E-002
   8.6624345453079218E-002
   8.6788989752612497E-002
   8.6953775502024822E-002
   8.7118702644906884E-002
   8.7283771124801110E-002
   8.7448980885201380E-002
   8.7614331869553363E-002
   8.7779824021254324E-002
   8.7945457283653092E-002
   8.8111231600050410E-002
   8.8277146913698590E-002
   8.8443203167801618E-002
   8.8609400305515479E-002
   8.8775738269947668E-002
   8.8942217004157581E-002
   8.9108836451156470E-002
   8.9275596553907349E-002
   8.9442497255325104E-002
   8.9609538498276506E-002
   8.9776720225580239E-002
   8.9944042380006792E-002
   9.0111504904278661E-002
   9.0279107741070355E-002
   9.0446850833008213E-002
   9.0614734122670626E-002
   9.0782757552588036E-002
   9.0950921065242871E-002
   9.1119224603069537E-002
   9.1287668108454664E-002
   9.1456251523736806E-002
   9.1624974791206779E-002
   9.1793837853107366E-002
   9.1962840651633612E-002
   9.2131983128932726E-002
   9.2301265227103982E-002
   9.2470686888198983E-002
   9.2640248054221552E-002
   9.2809948667127662E-002
   9.2979788668825641E-002
   9.3149768001176081E-002
   9.3319886605991831E-002
   9.3490144425038155E-002
   9.3660541400032535E-002
   9.3831077472644950E-002
   9.4001752584497680E-002
   9.4172566677165448E-002
   9.4343519692175415E-002
   9.4514611571007059E-002
   9.4685842255092550E-002
   9.4857211685816317E-002
   9.5028719804515382E-002
   9.5200366552479390E-002
   9.5372151870950356E-002
   9.5544075701122971E-002
   9.5716137984144509E-002
   9.5888338661114736E-002
   9.6060677673086264E-002
   9.6233154961064105E-002
   9.6405770466006124E-002
   9.6578524128822757E-002
   9.6751415890377168E-002
   9.6924445691485325E-002
   9.7097613472915831E-002
   9.7270919175390075E-002
   9.7444362739582346E-002
   9.7617944106119653E-002
   9.7791663215581748E-002
   9.7965520008501394E-002
   9.8139514425364130E-002
   9.8313646406608446E-002
   9.8487915892625608E-002
   9.8662322823760001E-002
   9.8836867140308829E-002
   9.9011548782522246E-002
   9.9186367690603516E-002
   9.9361323804708815E-002
   9.9536417064947355E-002
   9.9711647411381513E-002
   9.9887014784026604E-002
  0.10006251912285109     
  0.10023816036777652     
  0.10041393845867763     
  0.10058985333538230     
  0.10076590493767150     
  0.10094209320527955     
  0.10111841807789390     
  0.10129487949515512     
  0.10147147739665727     
  0.10164821172194757     
  0.10182508241052646     
  0.10200208940184791     
  0.10217923263531901     
  0.10235651205030036     
  0.10253392758610586     
  0.10271147918200282     
  0.10288916677721210     
  0.10306699031090780     
  0.10324494972221765     
  0.10342304495022275     
  0.10360127593395782     
  0.10377964261241104     
  0.10395814492452413     
  0.10413678280919238     
  0.10431555620526478     
  0.10449446505154375     
  0.10467350928678545     
  0.10485268884969974     
  0.10503200367894999     
  0.10521145371315352     
  0.10539103889088106     
  0.10557075915065736     
  0.10575061443096077     
  0.10593060467022337     
  0.10611072980683123     
  0.10629098977912414     
  0.10647138452539562     
  0.10665191398389326     
  0.10683257809281842     
  0.10701337679032638     
  0.10719431001452637     
  0.10737537770348150     
  0.10755657979520901     
  0.10773791622767991     
  0.10791938693881940     
  0.10810099186650664     
  0.10828273094857487     
  0.10846460412281138     
  0.10864661132695759     
  0.10882875249870894     
  0.10901102757571519     
  0.10919343649558014     
  0.10937597919586177     
  0.10955865561407227     
  0.10974146568767813     
  0.10992440935410003     
  0.11010748655071285     
  0.11029069721484594     
  0.11047404128378280     
  0.11065751869476124     
  0.11084112938497366     
  0.11102487329156653     
  0.11120875035164095     
  0.11139276050225233     
  0.11157690368041055     
  0.11176117982307990     
  0.11194558886717926     
  0.11213013074958195     
  0.11231480540711579     
  0.11249961277656319     
  0.11268455279466115     
  0.11286962539810119     
  0.11305483052352951     
  0.11324016810754696     
  0.11342563808670897     
  0.11361124039752560     
  0.11379697497646186     
  0.11398284175993727     
  0.11416884068432602     
  0.11435497168595737     
  0.11454123470111507     
  0.11472762966603783     
  0.11491415651691914     
  0.11510081518990745     
  0.11528760562110588     
  0.11547452774657259     
  0.11566158150232066     
  0.11584876682431808     
  0.11603608364848780     
  0.11622353191070771     
  0.11641111154681084     
  0.11659882249258507     
  0.11678666468377352     
  0.11697463805607415     
  0.11716274254514029     
  0.11735097808658018     
  0.11753934461595728     
  0.11772784206879021     
  0.11791647038055265     
  0.11810522948667376     
  0.11829411932253762     
  0.11848313982348375     
  0.11867229092480690     
  0.11886157256175706     
  0.11905098466953959     
  0.11924052718331525     
  0.11943020003819990     
  0.11962000316926519     
  0.11980993651153773     
  0.12000000000000000     
